3278.1 3651.7 -10.0 122 0 14.4 21.5 2.5 2.5 2 1 1 1 1
5050.6 -141.2 2.6 292 0 13.9 19.2 5.0 2.5 2 1 2 4 4
4869.1 -76.5 4.0 201 0 11.7 24.2 10.0 2.5 2 1 4 0 0
4590.4 -70.7 4.8 25 0 17.1 19.1 10.0 2.5 2 1 4 3 3
5324.3 86.4 4.0 5 0 72.3 10.3 10.0 2.5 2 0 4 0 0
4926.4 -78.1 3.9 26 0 13.2 14.6 2.5 2.5 2 1 1 3 3
4704.4 679.0 0.4 203 0 18.6 36.3 7.5 0.0 0 1 3 2 2
3853.5 -1955.8 -12.6 202 0 18.7 27.3 10.0 2.5 2 1 4 2 2
5290.9 39.7 3.8 187 0 20.4 24.1 17.5 0.0 0 1 7 2 2
4306.8 164.8 5.5 110 0 15.0 10.0 7.5 2.5 2 0 3 0 0
3876.0 -2005.5 -12.6 60 0 22.3 11.5 7.5 2.5 2 0 3 4 4
4801.6 701.1 -0.0 203 0 13.5 24.3 7.5 2.5 2 1 3 3 3
5190.1 364.0 2.8 113 0 26.6 19.9 7.5 2.5 2 0 3 0 0
4814.5 2585.2 -10.0 34 0 21.9 16.0 10.5 3.5 2 0 3 2 2
4781.8 2611.8 -10.3 212 0 26.1 17.2 10.5 3.5 2 0 3 1 1
3719.8 -425.9 -1.7 215 0 30.7 12.2 10.0 0.0 0 0 4 2 2
3310.1 -1393.7 -12.9 228 0 19.6 28.1 7.5 2.5 2 1 3 4 4
5936.6 1304.5 -1.2 350 0 8.3 11.8 10.5 3.5 2 1 3 2 2
4942.5 2517.6 -9.6 306 0 15.1 26.9 10.5 3.5 2 1 3 5 5
5225.8 351.4 3.4 204 0 25.1 18.1 5.0 2.5 2 0 2 4 4
4768.3 2571.7 -9.7 123 0 15.1 23.4 10.5 3.5 4 1 3 1 1
5923.1 1215.2 -1.7 167 0 10.4 59.8 7.5 2.5 2 1 3 3 3
5260.1 352.9 3.9 204 0 51.6 18.9 5.0 2.5 2 0 2 2 2
6197.1 104.6 0.5 63 0 13.2 12.6 2.5 2.5 2 0 1 4 4
5252.9 -174.9 2.8 33 0 37.1 11.3 10.0 2.5 2 0 4 3 3
4908.3 2471.3 -9.0 127 0 15.4 25.5 10.5 3.5 4 1 3 1 1
5308.3 534.8 0.6 203 0 17.6 16.3 7.5 2.5 2 0 3 5 5
5242.3 311.3 3.2 201 0 23.3 17.8 5.0 0.0 0 0 2 4 4
4573.4 816.2 0.5 6 0 33.6 28.0 7.5 0.0 0 0 3 1 1
5323.1 -128.1 2.8 194 0 20.4 16.8 12.5 2.5 2 0 5 1 1
4562.7 722.7 1.7 205 0 12.9 23.6 10.0 2.5 4 1 4 0 0
5207.8 -186.2 2.7 125 0 34.7 10.4 10.0 2.5 2 0 4 3 3
4897.2 2542.7 -9.7 214 0 14.0 37.8 10.5 3.5 2 1 3 0 0
5296.2 -187.7 2.9 206 0 19.1 17.6 12.5 2.5 2 0 5 1 1
6183.2 1318.9 -6.2 223 0 19.7 10.2 7.5 0.0 0 0 3 4 4
3784.9 -1767.8 -12.6 269 0 24.0 17.7 10.0 2.5 2 0 4 2 2
5308.9 -157.7 2.9 208 0 19.3 18.0 12.5 2.5 2 0 5 5 5
5674.5 1159.0 -2.2 290 0 35.2 22.3 17.5 0.0 0 0 5 5 5
4242.0 2503.6 -2.1 35 0 19.7 25.3 10.0 2.5 2 1 4 0 0
5151.8 -146.3 2.5 119 0 35.3 11.7 10.0 2.5 4 0 4 2 2
5194.8 -142.1 2.5 303 0 35.1 11.2 10.0 2.5 4 0 4 0 0
5280.2 -214.2 2.9 215 0 21.7 17.4 12.5 2.5 2 0 5 5 5
3768.8 -1809.1 -12.7 45 0 9.4 22.4 2.5 2.5 4 1 1 3 3
4196.5 2533.9 -2.2 213 0 20.1 24.5 10.0 0.0 0 1 4 5 5
5293.2 499.7 0.2 203 0 19.1 54.5 7.5 2.5 2 0 3 5 5
5300.9 517.7 0.2 203 0 19.7 27.2 7.5 2.5 2 0 3 2 2
5510.9 146.6 4.8 22 0 16.0 17.3 10.0 2.5 4 1 4 0 0
4504.6 800.0 0.7 201 0 31.0 20.8 10.0 0.0 0 0 4 1 1
4492.0 742.7 1.9 113 0 28.0 32.1 7.5 0.0 0 1 3 4 4
5468.9 656.4 1.7 295 0 42.3 20.5 10.0 0.0 0 0 4 1 1
5034.4 208.0 2.4 23 0 109.3 38.5 10.0 0.0 0 0 4 3 3
2470.8 4119.0 -8.9 117 0 6.9 4.5 7.5 2.5 2 0 3 3 3
2927.1 3862.9 -9.7 30 0 18.1 11.4 2.5 2.5 2 0 1 0 0
5616.9 -35.7 2.0 101 0 11.1 22.3 5.0 2.5 2 1 2 1 1
5592.1 -31.4 2.1 104 0 11.2 41.6 5.0 2.5 2 1 2 5 5
-92.1 5411.6 -4.4 206 0 5.6 17.5 5.0 2.5 2 1 2 2 2
5205.7 -715.3 -1.6 178 0 14.0 32.9 10.0 2.5 2 1 4 0 0
5203.2 -924.0 -2.9 135 0 6.4 11.8 7.5 2.5 2 0 3 0 0
6115.1 -1935.6 -4.1 90 0 5.8 15.2 7.5 2.5 2 1 3 1 1
1090.3 567.8 -9.6 332 0 14.3 25.3 7.5 2.5 2 1 3 4 4
1415.1 1157.5 -0.2 54 0 21.0 11.7 2.5 2.5 2 0 1 3 3
1482.1 1269.8 2.1 89 0 8.7 18.2 5.0 0.0 0 1 2 5 5
1527.4 1108.8 -3.7 303 0 52.8 12.8 12.5 0.0 0 0 5 2 2
6053.9 1734.4 -10.1 23 0 21.0 29.4 45.5 0.0 0 1 13 3 3
5518.1 1736.9 -5.6 257 0 9.2 34.0 10.5 0.0 0 1 3 5 5
5701.7 1408.6 8.3 22 0 11.8 25.2 70.0 0.0 0 1 20 0 0
5675.1 1395.9 5.8 22 0 11.8 25.2 70.0 0.0 0 1 20 4 4
5731.7 1385.0 8.7 308 0 23.7 13.3 52.5 0.0 0 0 15 0 0
5792.3 1445.6 8.1 304 0 14.5 21.0 42.0 0.0 0 1 12 4 4
5776.6 1455.6 6.4 304 0 14.5 21.0 42.0 0.0 0 1 12 1 1
5827.4 1496.2 0.5 297 0 26.5 20.5 42.0 0.0 0 0 12 5 5
5805.2 1453.3 4.1 117 0 26.5 20.5 42.0 0.0 0 0 12 3 3
5599.3 1018.6 5.6 203 0 20.5 28.7 52.5 0.0 0 1 15 0 0
5536.8 830.8 11.3 113 0 21.6 14.9 52.5 0.0 0 0 15 4 4
5538.9 862.9 10.3 203 0 14.9 21.6 52.5 0.0 0 1 15 4 4
5681.0 1312.4 1.8 233 0 12.9 30.5 10.5 3.5 2 1 3 0 0
6687.8 -10442.5 -19.7 165 0 8.8 14.2 5.0 2.5 2 0 2 3 3
-3266.9 -601.6 -14.6 287 0 4.7 7.2 5.0 0.0 0 1 2 5 5
-3853.5 302.6 -14.9 29 0 12.9 8.4 5.0 0.0 0 0 2 1 1
-6413.1 -2681.6 -13.8 183 0 11.2 27.6 10.0 2.5 2 1 4 1 1
-6555.4 -3623.5 -16.5 89 0 8.9 10.9 5.0 2.5 4 1 2 2 2
5351.2 -39.7 2.6 190 0 21.1 16.2 10.0 2.5 2 0 4 2 2
5358.7 25.5 3.3 185 0 19.6 20.7 20.0 0.0 0 1 8 2 2
6632.2 -838.2 0.4 1 0 7.7 11.4 5.0 2.5 2 0 2 3 3
6618.3 -808.5 0.3 2 0 7.9 11.0 5.0 2.5 4 1 2 5 5
6636.9 -744.6 0.0 276 0 8.8 13.7 5.0 2.5 2 1 2 5 5
6750.7 -774.0 -0.2 183 0 10.8 14.8 2.5 2.5 2 1 1 2 2
6763.2 -757.1 -0.2 273 0 5.8 10.3 5.0 2.5 4 1 2 2 2
6705.7 -794.9 0.1 8 0 11.1 8.1 5.0 2.5 4 0 2 3 3
6657.1 -795.9 0.2 184 0 9.8 17.7 5.0 2.5 2 1 2 2 2
6694.7 -749.9 -0.1 274 0 10.2 13.2 5.0 2.5 2 1 2 1 1
6682.2 -749.4 -0.1 274 0 9.9 8.5 5.0 0.0 0 0 2 0 0
6667.3 -745.9 -0.0 278 0 9.7 16.9 5.0 2.5 2 1 2 1 1
5395.7 346.2 4.1 110 0 40.2 21.9 12.5 0.0 0 0 5 1 1
4867.4 899.5 2.0 23 0 14.6 24.0 7.5 2.5 2 1 3 4 4
5522.4 531.3 2.1 15 0 103.9 18.7 20.0 0.0 0 0 8 0 0
1585.9 1342.7 1.6 18 0 13.5 17.1 12.5 0.0 0 1 5 1 1
1589.2 1369.3 1.5 19 0 21.3 15.7 7.5 2.5 2 0 3 0 0
1621.0 1435.9 1.1 29 0 16.2 19.1 12.5 0.0 0 1 5 1 1
1632.7 1464.5 1.0 32 0 11.0 19.1 10.0 0.0 0 1 4 3 3
1660.2 1492.0 0.8 33 0 18.9 16.1 7.5 2.5 2 0 3 3 3
1671.7 1520.3 0.7 40 0 25.2 20.9 7.5 2.5 2 0 3 2 2
1700.2 1558.1 0.4 45 0 21.6 10.0 5.0 2.5 2 0 2 3 3
1820.5 1646.3 -0.7 60 0 17.7 11.1 2.5 2.5 2 0 1 0 0
1823.0 1687.4 -0.8 244 0 6.9 14.6 5.0 2.5 2 1 2 4 4
1907.1 1671.9 -1.6 90 0 12.2 26.2 10.0 0.0 0 1 4 2 2
1962.6 1710.4 -2.0 75 0 16.1 11.0 5.0 2.5 2 0 2 1 1
2016.9 1697.4 -2.5 99 0 11.3 21.6 7.5 2.5 2 1 3 3 3
2118.3 1700.9 -3.4 94 0 14.6 20.8 7.5 2.5 2 1 3 2 2
2202.9 1688.0 -4.1 99 0 17.4 14.7 5.0 2.5 2 0 2 3 3
2228.5 1684.7 -4.2 110 0 19.8 12.5 2.5 2.5 2 0 1 2 2
2298.9 1644.6 -3.1 129 0 13.8 16.4 5.0 0.0 0 1 2 0 0
2426.5 1323.1 -4.7 76 0 11.9 12.4 2.5 2.5 2 1 1 0 0
2428.0 1150.1 -3.9 143 0 16.3 23.8 12.5 0.0 0 1 5 1 1
2476.5 956.5 -2.5 334 0 21.6 8.6 5.0 2.5 2 0 2 5 5
2512.8 900.9 -2.0 333 0 11.9 31.6 7.5 2.5 4 1 3 2 2
2534.4 852.8 -1.4 330 0 11.5 22.6 7.5 2.5 2 1 3 5 5
2592.0 760.5 0.0 325 0 23.4 13.7 7.5 2.5 2 0 3 5 5
2621.0 658.4 0.8 360 0 30.2 17.7 10.0 2.5 2 0 4 4 4
2444.1 643.2 -1.9 323 0 23.3 14.4 12.5 2.5 2 0 5 0 0
2368.8 734.4 -3.4 307 0 32.1 12.8 7.5 2.5 2 0 3 1 1
2232.9 669.2 -5.1 121 0 17.5 28.1 10.0 2.5 4 1 4 2 2
2317.6 766.4 -4.4 292 0 13.9 20.8 10.0 2.5 2 1 4 1 1
2281.6 774.7 -4.9 300 0 23.0 12.3 12.5 2.5 2 0 5 0 0
2152.5 718.3 -6.1 116 0 13.9 24.6 5.0 2.5 2 1 2 5 5
2100.4 746.8 -6.8 117 0 25.8 12.5 7.5 2.5 2 0 3 1 1
2034.9 711.7 -6.9 125 0 14.4 28.9 12.5 0.0 0 1 5 2 2
2052.9 800.1 -6.6 128 0 16.7 20.5 7.5 2.5 2 1 3 3 3
2021.2 801.6 -6.4 131 0 11.2 16.0 10.0 2.5 2 1 4 4 4
1947.6 823.2 -6.6 311 0 20.9 11.2 5.0 2.5 2 0 2 0 0
2408.3 796.5 -2.9 89 0 10.5 20.8 7.5 2.5 2 1 3 5 5
2356.8 909.4 -4.1 212 0 18.9 16.4 7.5 2.5 2 0 3 2 2
2354.7 1131.6 -4.9 220 0 15.8 9.5 5.0 2.5 2 0 2 2 2
2322.0 966.5 -4.8 235 0 11.5 28.3 7.5 2.5 2 1 3 1 1
2253.3 965.1 -5.8 63 0 21.5 12.8 7.5 2.5 2 0 3 0 0
2136.9 1038.5 -6.1 78 0 22.1 10.8 5.0 2.5 2 0 2 3 3
1946.9 886.2 -6.4 215 0 11.1 28.7 10.0 2.5 2 1 4 3 3
1852.1 971.6 -5.4 129 0 15.0 16.7 7.5 2.5 4 1 3 4 4
1919.0 1015.6 -5.4 298 0 22.4 13.7 7.5 2.5 2 0 3 5 5
1856.9 1070.3 -4.4 316 0 25.3 17.9 10.0 2.5 2 0 4 4 4
1765.9 1071.0 -4.8 225 0 8.9 23.3 2.5 0.0 0 1 1 1 1
2001.5 1044.6 -5.5 102 0 29.3 20.9 10.0 0.0 0 0 4 0 0
1465.0 1203.6 0.4 357 0 10.6 6.6 5.0 2.5 4 0 2 3 3
1891.8 1352.0 -1.2 217 0 17.7 17.6 7.5 0.0 0 0 3 0 0
1973.6 1404.4 -1.7 244 0 14.3 14.4 5.0 2.5 4 1 2 1 1
2008.2 1420.9 -2.0 250 0 11.6 14.1 5.0 2.5 4 1 2 0 0
2277.5 1429.4 -4.4 118 0 9.8 17.4 7.5 2.5 2 1 3 0 0
2230.4 1410.7 -3.8 300 0 13.8 18.4 7.5 2.5 2 1 3 0 0
2120.2 1477.6 -3.1 99 0 19.9 15.2 15.0 0.0 0 0 6 1 1
2220.1 1459.3 -3.9 107 0 21.8 9.7 5.0 0.0 0 0 2 1 1
2239.0 1519.9 -4.1 295 0 31.5 13.8 12.5 2.5 2 0 5 1 1
2202.1 1534.1 -3.8 263 0 18.8 23.7 5.0 2.5 2 1 2 3 3
2314.2 1520.7 -4.7 142 0 10.9 19.6 7.5 0.0 0 1 3 2 2
2313.0 1549.6 -4.7 24 0 14.5 27.6 7.5 2.5 2 1 3 5 5
2287.0 1607.4 -4.5 292 0 13.0 18.0 2.5 2.5 4 1 1 5 5
2239.5 1558.6 -4.3 108 0 26.1 19.6 15.0 0.0 0 0 6 5 5
2191.6 1657.7 -4.0 276 0 21.5 13.1 10.0 2.5 2 0 4 0 0
2162.3 1656.6 -3.7 300 0 17.3 11.8 5.0 0.0 0 0 2 4 4
2082.8 1598.5 -2.9 317 0 11.4 23.2 7.5 2.5 2 1 3 4 4
2030.9 1544.0 -2.4 259 0 16.0 25.1 10.0 2.5 2 1 4 2 2
1997.9 1535.0 -2.2 255 0 17.5 10.3 5.0 2.5 2 0 2 0 0
2022.3 1572.8 -2.4 81 0 20.8 14.3 7.5 2.5 4 0 3 0 0
2031.2 1661.5 -2.6 262 0 13.1 21.3 10.0 2.5 2 1 4 0 0
1950.5 1650.0 -1.9 254 0 21.8 24.3 12.5 2.5 2 1 5 1 1
1971.3 1562.9 -2.0 83 0 12.4 18.1 2.5 2.5 2 1 1 5 5
1937.3 1431.5 -1.5 65 0 15.9 14.5 5.0 2.5 2 0 2 3 3
1924.2 1640.7 -1.6 269 0 17.1 18.2 10.0 2.5 2 1 4 1 1
1895.7 1637.0 -1.4 250 0 14.3 29.0 7.5 2.5 2 1 3 0 0
1893.4 1544.9 -1.3 66 0 21.9 14.4 7.5 2.5 2 0 3 2 2
1870.7 1532.9 -1.1 66 0 17.9 16.5 7.5 2.5 2 0 3 0 0
1860.5 1622.2 -1.1 243 0 16.6 12.4 2.5 2.5 4 0 1 0 0
1854.0 1527.0 -0.9 47 0 11.0 34.0 7.5 2.5 2 1 3 3 3
1858.8 1369.1 -0.7 39 0 17.8 15.6 7.5 2.5 2 0 3 0 0
1832.8 1336.2 -0.5 31 0 14.0 12.8 5.0 2.5 4 0 2 1 1
1788.4 1417.7 -0.3 218 0 17.7 12.4 7.5 2.5 2 0 3 4 4
1736.9 1329.9 -0.0 204 0 27.9 20.8 10.0 0.0 0 0 4 3 3
1708.3 1347.4 0.6 17 0 20.0 14.5 10.0 2.5 2 0 4 5 5
1789.3 1470.6 -0.3 47 0 7.3 15.7 5.0 2.5 2 1 2 3 3
1783.1 1551.8 -0.3 336 0 13.2 17.3 5.0 2.5 2 1 2 3 3
1641.7 1406.0 0.9 206 0 31.0 14.1 10.0 2.5 2 0 4 0 0
4681.8 299.8 1.8 112 0 13.2 27.3 7.5 2.5 2 1 3 3 3
4735.0 279.2 1.8 113 0 41.4 16.9 7.5 2.5 2 0 3 5 5
6534.5 318.7 -2.5 221 0 15.9 13.8 5.0 2.5 2 0 2 3 3
6509.5 258.6 -1.2 153 0 13.3 24.2 7.5 2.5 4 1 3 1 1
6502.1 221.0 -1.2 315 0 14.5 17.1 2.5 2.5 2 1 1 2 2
6484.2 190.1 -1.2 47 0 18.1 13.8 7.5 2.5 2 0 3 1 1
6449.6 156.5 1.0 55 0 15.6 17.2 10.0 2.5 4 1 4 1 1
6418.1 193.4 1.2 226 0 19.0 13.6 10.0 2.5 2 0 4 2 2
6452.8 221.8 -0.9 228 0 17.6 14.7 7.5 0.0 0 0 3 2 2
6394.5 185.4 1.5 236 0 13.4 18.1 5.0 0.0 0 1 2 3 3
6409.0 128.0 1.7 61 0 14.1 15.7 5.0 2.5 4 1 2 1 1
6369.1 99.4 2.1 55 0 17.4 14.9 12.5 2.5 2 0 5 0 0
6351.7 85.1 1.3 59 0 16.8 16.4 7.5 0.0 0 0 3 4 4
6330.7 71.3 0.6 61 0 10.0 15.5 5.0 0.0 0 1 2 4 4
6307.0 117.5 0.7 240 0 18.4 10.1 5.0 2.5 2 0 2 4 4
6313.1 58.1 0.2 64 0 17.8 14.5 10.0 2.5 2 0 4 1 1
6265.8 98.1 0.3 242 0 16.1 13.1 2.5 2.5 2 0 1 5 5
6289.3 19.6 0.1 151 0 13.6 18.8 7.5 2.5 2 1 3 2 2
6380.2 -72.4 -0.3 44 0 23.7 13.6 10.0 0.0 0 0 4 3 3
6404.3 -86.1 -0.5 225 0 13.3 22.0 10.0 2.5 2 1 4 3 3
6419.0 -129.8 -0.5 136 0 9.2 14.5 5.0 2.5 2 1 2 4 4
6456.1 -124.0 -0.3 318 0 8.9 8.6 5.0 2.5 2 0 2 3 3
6469.5 -170.9 -0.6 129 0 14.3 15.1 5.0 2.5 4 1 2 0 0
6517.3 -193.1 0.1 114 0 16.6 12.1 5.0 2.5 2 0 2 0 0
6529.8 -73.1 2.3 48 0 15.4 13.4 5.0 2.5 4 0 2 2 2
6512.0 -83.3 2.2 54 0 12.6 10.9 2.5 2.5 2 0 1 3 3
6482.4 -45.9 2.1 234 0 15.2 13.5 5.0 2.5 2 0 2 1 1
6462.8 -91.5 0.9 146 0 18.4 13.7 7.5 2.5 2 0 3 3 3
6500.8 -34.2 2.2 236 0 13.4 10.5 5.0 0.0 0 0 2 1 1
6500.3 66.6 1.2 229 0 17.9 15.0 7.5 0.0 0 0 3 5 5
6520.1 10.1 1.8 55 0 17.1 10.1 5.0 2.5 2 0 2 4 4
6484.5 55.5 1.8 236 0 15.5 20.1 7.5 2.5 2 1 3 1 1
6485.5 -12.3 2.2 54 0 9.9 7.7 2.5 2.5 2 0 1 5 5
6446.7 -40.5 1.2 57 0 19.5 11.0 5.0 2.5 2 0 2 4 4
6394.2 -6.6 0.4 240 0 16.6 19.8 10.0 2.5 2 1 4 0 0
6529.7 127.5 -1.4 48 0 17.0 13.0 5.0 0.0 0 0 2 3 3
6498.6 163.0 -1.1 227 0 15.8 9.4 5.0 2.5 2 0 2 5 5
6530.5 203.3 -1.4 225 0 9.3 14.9 2.5 0.0 0 1 1 2 2
6432.3 112.7 1.7 237 0 8.8 19.5 2.5 2.5 2 1 1 3 3
6462.6 65.2 1.7 55 0 13.8 10.6 2.5 2.5 2 0 1 4 4
6415.8 101.6 1.9 231 0 11.6 20.1 2.5 2.5 2 1 1 3 3
6405.1 82.1 2.2 231 0 12.8 9.7 5.0 2.5 4 0 2 2 2
6381.0 76.1 2.0 234 0 13.9 15.3 5.0 2.5 2 1 2 4 4
6456.2 -878.0 1.0 98 0 14.9 16.8 5.0 2.5 2 1 2 4 4
6410.7 -851.3 1.0 104 0 11.5 12.2 5.0 2.5 2 1 2 2 2
6433.7 -854.8 0.9 104 0 11.5 12.2 5.0 2.5 4 1 2 3 3
6464.0 -785.8 0.6 100 0 7.5 14.8 2.5 2.5 2 1 1 2 2
6446.8 -781.8 0.6 96 0 16.8 13.3 2.5 2.5 2 0 1 1 1
6525.5 -631.4 -0.2 195 0 23.4 9.0 5.0 2.5 2 0 2 0 0
6388.7 -478.6 -0.5 279 0 17.4 14.8 12.5 2.5 2 0 5 2 2
6469.1 -477.1 -0.8 103 0 7.9 14.8 2.5 2.5 2 1 1 4 4
6364.5 -245.9 -0.6 275 0 13.7 14.7 5.0 2.5 2 1 2 1 1
6237.3 -286.5 -0.1 340 0 16.5 13.9 5.0 2.5 2 0 2 0 0
6406.2 -175.6 -0.6 305 0 12.3 14.2 5.0 2.5 2 1 2 2 2
6337.1 -194.0 -0.4 79 0 9.8 15.4 5.0 2.5 4 1 2 0 0
6301.2 -146.8 -0.2 245 0 18.8 17.0 10.0 0.0 0 0 4 3 3
6308.1 -208.7 -0.3 74 0 18.3 11.2 5.0 2.5 2 0 2 4 4
6253.5 -209.6 -0.1 201 0 14.8 8.6 2.5 2.5 2 0 1 2 2
6263.5 -166.0 -0.1 259 0 16.2 11.5 5.0 2.5 2 0 2 4 4
6210.1 -243.6 0.0 70 0 18.0 20.8 10.0 2.5 2 1 4 1 1
6147.6 -265.8 0.6 79 0 18.7 11.6 5.0 0.0 0 0 2 1 1
6073.5 -272.2 0.4 167 0 17.7 9.5 5.0 2.5 2 0 2 0 0
6175.9 -211.5 0.2 228 0 16.8 11.8 2.5 2.5 2 0 1 1 1
5997.8 -290.0 0.2 87 0 17.6 12.1 5.0 2.5 2 0 2 5 5
5949.8 -244.6 0.3 263 0 15.7 16.3 10.0 2.5 2 1 4 1 1
5891.6 -302.1 -0.1 87 0 10.8 21.3 2.5 2.5 2 1 1 2 2
5860.9 -246.3 0.1 272 0 10.7 17.0 7.5 2.5 2 1 3 4 4
5857.3 -298.2 -0.2 92 0 7.5 10.8 2.5 2.5 2 1 1 5 5
5764.7 -296.2 -0.1 97 0 16.8 10.1 5.0 2.5 4 0 2 0 0
5743.5 -296.6 -0.0 95 0 16.9 14.5 5.0 2.5 4 0 2 1 1
5749.5 -243.8 0.2 280 0 17.4 13.7 5.0 2.5 4 0 2 4 4
5713.7 -295.8 0.0 101 0 9.0 18.7 2.5 2.5 2 1 1 3 3
5704.2 -254.8 0.2 277 0 10.5 16.6 5.0 2.5 2 1 2 2 2
5686.0 -235.2 0.4 253 0 9.7 19.4 2.5 2.5 2 1 1 1 1
5652.8 -246.2 0.5 149 0 19.0 13.2 10.0 2.5 2 0 4 1 1
5666.9 -278.8 0.2 143 0 21.6 9.7 2.5 2.5 2 0 1 1 1
5532.9 -13.4 2.4 111 0 12.4 11.4 5.0 2.5 2 0 2 4 4
5562.8 -24.1 2.3 111 0 12.4 11.4 2.5 2.5 2 0 1 2 2
5577.6 -29.9 2.2 111 0 12.4 11.4 5.0 0.0 0 0 2 5 5
5547.6 36.9 2.6 291 0 12.4 11.4 5.0 2.5 2 0 2 5 5
5563.1 31.4 2.6 291 0 12.4 11.4 2.5 0.0 0 0 1 2 2
5518.2 19.4 2.6 200 0 12.4 11.4 5.0 2.5 2 0 2 4 4
5627.4 9.9 2.2 284 0 14.5 12.1 2.5 2.5 2 0 1 0 0
6326.1 -85.7 -0.2 320 0 13.5 11.9 5.0 0.0 0 0 2 5 5
6293.5 -83.6 -0.1 142 0 17.6 11.2 2.5 2.5 2 0 1 5 5
6284.1 -63.1 -0.0 143 0 12.3 10.9 2.5 2.5 2 0 1 2 2
6229.2 15.4 0.3 155 0 13.8 15.7 2.5 2.5 2 1 1 4 4
6219.3 34.2 0.3 155 0 13.0 12.0 5.0 2.5 2 0 2 4 4
6267.3 -88.6 0.0 317 0 19.3 10.5 2.5 2.5 2 0 1 1 1
6231.7 -90.3 0.1 251 0 9.9 18.7 2.5 2.5 2 1 1 4 4
6125.1 4.2 0.6 160 0 18.7 10.9 5.0 2.5 2 0 2 1 1
6187.9 43.2 0.5 338 0 21.5 10.3 5.0 2.5 4 0 2 3 3
6154.4 42.3 0.6 246 0 19.2 9.3 5.0 2.5 2 0 2 4 4
6011.3 -134.0 1.2 81 0 17.0 15.1 7.5 2.5 4 0 3 2 2
6553.9 1465.2 -13.9 36 0 14.5 31.1 7.5 2.5 2 1 3 1 1
6096.2 1774.1 -12.0 124 0 23.5 11.5 7.0 3.5 2 0 2 3 3
5931.7 1892.3 -12.2 33 0 16.2 35.8 10.5 3.5 4 1 3 0 0
4965.3 2530.7 -10.4 123 0 43.6 16.7 10.5 3.5 2 0 3 0 0
4869.4 2599.5 -10.5 124 0 28.5 13.1 10.5 3.5 2 0 3 0 0
4675.5 2714.6 -7.7 29 0 13.0 36.5 7.5 2.5 2 1 3 1 1
6125.6 36.4 0.7 249 0 21.0 8.4 5.0 2.5 4 0 2 4 4
6087.2 -138.8 1.3 256 0 14.3 15.9 5.0 2.5 2 1 2 1 1
6073.7 -141.6 1.2 256 0 9.1 19.8 7.5 2.5 2 1 3 0 0
6056.8 -199.6 0.9 75 0 16.0 13.0 5.0 2.5 2 0 2 4 4
6036.0 -206.2 0.8 81 0 15.3 13.6 5.0 2.5 2 0 2 3 3
6047.9 -154.3 1.1 256 0 15.8 10.7 2.5 0.0 0 0 1 0 0
6026.0 -152.6 1.1 260 0 13.9 18.0 10.0 2.5 2 1 4 2 2
5986.1 -203.8 0.7 94 0 17.2 12.9 7.5 2.5 2 0 3 4 4
5938.2 -170.0 0.8 267 0 17.6 12.5 2.5 0.0 0 0 1 1 1
5918.7 -219.5 0.5 87 0 13.7 21.6 7.5 2.5 2 1 3 1 1
5900.4 -219.7 0.5 86 0 11.3 17.7 5.0 2.5 2 1 2 2 2
6087.7 -59.5 1.4 252 0 14.5 14.2 5.0 2.5 2 0 2 5 5
6079.7 -117.7 1.5 74 0 17.8 13.7 2.5 2.5 2 0 1 1 1
6069.0 -66.1 1.8 253 0 14.7 12.5 5.0 2.5 2 0 2 2 2
6041.9 -72.4 1.7 256 0 16.9 10.7 5.0 2.5 2 0 2 0 0
6033.4 -125.3 1.3 80 0 16.8 12.0 2.5 2.5 2 0 1 0 0
6027.0 -83.8 1.5 257 0 12.4 12.6 2.5 2.5 2 1 1 1 1
5967.6 -137.2 1.1 82 0 14.2 15.0 5.0 2.5 2 1 2 4 4
5958.8 -90.7 1.3 267 0 17.4 19.6 10.0 0.0 0 1 4 5 5
5940.7 -94.6 1.2 266 0 10.6 18.9 5.0 2.5 2 1 2 1 1
5942.7 -141.6 1.1 84 0 11.4 20.4 5.0 2.5 2 1 2 0 0
5453.6 23.9 2.8 203 0 20.4 14.1 15.0 0.0 0 0 6 4 4
5481.2 18.3 2.7 27 0 9.3 11.4 2.5 2.5 2 1 1 2 2
5500.1 29.2 2.7 27 0 16.7 11.1 5.0 2.5 2 0 2 0 0
6098.3 -34.3 0.9 76 0 17.7 13.6 5.0 2.5 2 0 2 2 2
6100.3 13.4 1.0 15 0 10.7 21.0 5.0 2.5 4 1 2 5 5
6079.0 -39.0 1.6 73 0 14.9 17.1 7.5 2.5 2 1 3 5 5
6041.3 6.8 2.2 251 0 12.5 15.2 5.0 2.5 2 1 2 3 3
6016.7 -49.8 1.8 79 0 18.0 14.1 7.5 2.5 2 0 3 4 4
6002.7 0.3 2.0 261 0 15.8 13.1 5.0 2.5 2 0 2 0 0
5985.0 -0.4 2.0 263 0 15.3 14.3 5.0 2.5 2 0 2 2 2
5956.1 -61.3 1.6 84 0 15.6 16.0 2.5 2.5 2 1 1 2 2
5966.2 -5.7 1.9 263 0 13.2 12.1 5.0 2.5 2 0 2 2 2
5943.1 -10.8 1.8 266 0 11.9 16.1 5.0 2.5 2 1 2 1 1
5902.0 -60.5 1.4 355 0 12.7 16.9 5.0 2.5 2 1 2 1 1
5861.9 -66.8 1.4 87 0 17.4 14.7 7.5 2.5 4 0 3 5 5
5846.0 -15.8 1.6 266 0 20.7 12.8 10.0 2.5 2 0 4 3 3
5833.0 -69.5 1.3 91 0 23.0 15.7 10.0 2.5 2 0 4 5 5
5799.5 -68.6 1.4 95 0 17.1 15.0 7.5 2.5 2 0 3 3 3
5805.6 -13.9 1.6 274 0 16.0 11.0 2.5 2.5 2 0 1 5 5
5780.1 -67.1 1.4 91 0 15.2 13.9 5.0 2.5 2 0 2 2 2
5757.1 -63.0 1.5 96 0 14.4 13.1 7.5 2.5 2 0 3 1 1
5766.7 -9.3 1.8 277 0 15.4 13.7 5.0 2.5 2 0 2 5 5
5745.5 -5.7 1.9 276 0 14.9 11.0 2.5 2.5 2 0 1 4 4
5876.0 -87.5 1.2 272 0 17.8 11.1 2.5 2.5 2 0 1 5 5
5843.8 -145.2 0.8 93 0 12.2 13.7 5.0 2.5 2 1 2 4 4
5847.9 -95.5 1.1 269 0 18.0 13.5 5.0 2.5 2 0 2 2 2
5831.9 -94.7 1.1 293 0 14.1 12.1 5.0 2.5 2 0 2 1 1
5825.1 -144.0 0.8 92 0 14.2 11.5 2.5 2.5 2 0 1 5 5
5805.3 -92.6 1.1 271 0 14.4 13.5 7.5 2.5 2 0 3 4 4
5786.9 -88.9 1.1 275 0 12.5 16.9 5.0 2.5 2 1 2 1 1
5767.2 -87.2 1.2 272 0 8.4 18.3 5.0 2.5 2 1 2 3 3
5713.5 -174.5 0.8 5 0 12.5 16.3 2.5 2.5 2 1 1 2 2
5665.8 -125.3 1.2 182 0 17.7 13.0 2.5 2.5 2 0 1 5 5
5677.5 -100.2 1.4 229 0 13.3 9.6 5.0 2.5 2 0 2 5 5
5674.4 -147.9 1.1 186 0 16.8 9.2 2.5 2.5 2 0 1 2 2
5648.9 -195.8 0.9 107 0 9.1 15.1 5.0 2.5 2 1 2 1 1
5659.3 -215.5 0.7 86 0 9.1 12.8 5.0 2.5 2 1 2 1 1
5862.3 -165.1 0.6 271 0 12.7 19.2 2.5 2.5 2 1 1 5 5
5856.0 -200.7 0.4 35 0 20.6 12.5 10.0 2.5 2 0 4 0 0
5808.6 -169.4 0.6 276 0 12.0 13.9 2.5 2.5 2 1 1 5 5
5784.7 -223.7 0.4 80 0 15.1 13.5 5.0 2.5 2 0 2 4 4
5785.8 -171.8 0.6 275 0 18.6 12.1 5.0 2.5 2 0 2 3 3
6050.0 1716.9 -9.0 23 0 9.9 26.9 10.5 3.5 4 1 3 4 4
5939.8 1749.6 -8.8 126 0 15.9 30.4 14.0 3.5 2 1 4 0 0
5926.8 1760.5 -8.8 129 0 13.5 19.5 14.0 3.5 2 1 4 1 1
5911.3 1771.4 -9.3 127 0 19.0 29.4 14.0 3.5 4 1 4 4 4
5979.8 1792.7 -9.9 21 0 11.2 22.7 14.0 3.5 2 1 4 2 2
5898.8 1846.4 -10.4 304 0 21.1 16.1 14.0 3.5 2 0 4 4 4
6000.2 1677.4 -7.0 205 0 16.5 16.7 42.0 0.0 0 1 12 1 1
5933.2 1728.8 -7.0 307 0 22.0 22.6 10.5 0.0 0 1 3 5 5
5914.1 1742.8 -7.5 307 0 19.5 23.3 10.5 3.5 2 1 3 4 4
5968.8 1596.5 -6.8 114 0 19.1 30.3 14.0 3.5 2 1 4 0 0
5894.6 1683.1 -6.3 124 0 10.1 30.0 10.5 3.5 2 1 3 3 3
5864.9 1675.4 -6.3 219 0 15.0 30.2 14.0 3.5 2 1 4 1 1
5850.3 1587.5 -5.6 135 0 11.1 26.3 14.0 3.5 2 1 4 2 2
5842.3 1547.7 -2.0 210 0 22.0 20.6 35.0 0.0 0 0 10 5 5
5825.6 1526.8 -1.2 208 0 16.5 24.3 35.0 0.0 0 1 10 0 0
5805.5 1433.6 5.9 295 0 14.0 28.7 10.5 3.5 2 1 3 1 1
5779.9 1378.0 5.0 113 0 18.2 20.1 42.0 0.0 0 1 12 2 2
5755.6 1391.4 8.9 128 0 17.2 17.0 10.5 3.5 2 0 3 2 2
5732.0 1422.0 10.7 221 0 16.6 16.2 10.5 3.5 2 0 3 1 1
5850.4 1275.4 -1.3 23 0 23.9 31.7 3.5 0.0 0 1 1 5 5
5852.6 1301.6 -0.8 24 0 21.2 17.9 7.0 3.5 2 0 2 0 0
5864.6 1324.4 -0.5 19 0 20.6 24.5 7.0 3.5 2 1 2 5 5
5702.8 1228.8 -1.1 293 0 9.1 72.5 10.5 3.5 2 1 3 5 5
5689.1 1156.9 0.1 114 0 14.3 70.2 10.5 3.5 2 1 3 5 5
5713.5 1282.2 0.7 23 0 32.2 14.4 10.5 3.5 2 0 3 5 5
5983.1 1649.8 -7.1 204 0 40.0 38.0 35.0 0.0 0 0 10 2 2
6047.1 1691.3 -8.4 348 0 43.7 11.5 14.0 3.5 2 0 4 3 3
6060.7 1638.4 -7.6 0 0 15.6 35.0 14.0 3.5 2 1 4 0 0
6056.5 1661.7 -7.5 350 0 13.0 29.8 14.0 3.5 2 1 4 2 2
6069.4 1603.7 -8.0 67 0 11.1 26.1 14.0 3.5 2 1 4 1 1
6058.9 1595.6 -7.7 67 0 8.1 34.4 10.5 3.5 2 1 3 1 1
6047.6 1596.3 -7.5 67 0 8.1 34.4 10.5 3.5 2 1 3 5 5
5915.1 1462.2 -1.1 184 0 28.8 14.2 28.0 0.0 0 0 8 0 0
5770.3 1360.7 2.7 292 0 17.1 25.5 14.0 3.5 2 1 4 2 2
5747.1 1309.9 2.6 117 0 21.3 27.2 14.0 3.5 2 1 4 2 2
5702.7 1336.7 5.6 123 0 20.6 28.5 14.0 0.0 0 1 4 0 0
5688.2 1368.5 7.8 219 0 23.2 16.0 14.0 3.5 2 0 4 5 5
5706.5 1249.7 0.2 204 0 21.4 29.4 7.0 0.0 0 1 2 0 0
5637.6 1174.9 -2.3 295 0 7.6 21.7 3.5 3.5 2 1 1 0 0
5651.9 1187.5 -1.9 205 0 21.7 7.6 3.5 3.5 2 0 1 3 3
5640.3 1160.5 -2.6 205 0 21.7 7.6 3.5 3.5 2 0 1 3 3
5662.0 1222.1 -0.9 21 0 5.5 6.5 3.5 3.5 2 1 1 5 5
5667.6 1234.8 -0.7 21 0 5.5 6.5 3.5 3.5 2 1 1 3 3
5653.6 1207.2 -1.3 111 0 6.5 5.5 3.5 0.0 0 0 1 1 1
5663.1 1215.4 -0.6 201 0 5.5 6.5 3.5 3.5 2 1 1 3 3
5668.4 1228.3 -0.5 201 0 5.5 6.5 3.5 3.5 4 1 1 3 3
1200.0 4760.8 -11.8 291 0 56.9 27.2 12.5 2.5 2 0 5 3 3
-2473.3 6901.7 -13.5 197 0 6.8 6.1 7.5 2.5 2 0 3 2 2
-2437.4 6906.9 -13.6 116 0 8.2 9.7 2.5 2.5 2 0 1 4 4
-2372.3 6915.8 -13.5 340 0 9.6 18.0 7.5 2.5 4 1 3 3 3
-756.6 5849.3 -14.3 263 0 12.5 14.4 2.5 0.0 0 1 1 0 0
-760.7 5787.0 -12.0 118 0 12.3 8.3 7.5 2.5 2 0 3 3 3
1815.9 4421.0 -11.0 25 0 6.9 12.1 2.5 2.5 2 1 1 4 4
1799.1 4443.5 -10.8 309 0 12.6 15.3 5.0 0.0 0 1 2 5 5
5004.0 461.5 0.6 23 0 13.4 27.7 10.0 2.5 2 1 4 5 5
6777.0 682.0 -9.2 344 0 15.3 11.4 2.5 2.5 2 0 1 1 1
6778.6 693.9 -9.3 354 0 11.3 13.4 2.5 2.5 2 1 1 1 1
6867.5 996.8 -13.1 42 0 20.8 21.4 10.0 2.5 2 1 4 3 3
6824.0 1019.5 -12.6 223 0 11.3 20.4 2.5 2.5 2 1 1 0 0
4693.8 1716.3 -1.1 77 0 9.7 22.9 10.5 0.0 0 1 3 0 0
4147.9 -2470.2 -11.7 205 0 28.6 8.3 7.5 2.5 2 0 3 2 2
5825.7 1229.8 -0.9 23 0 26.0 26.8 3.5 0.0 0 1 1 0 0
5815.4 1205.5 -0.3 24 0 21.1 25.5 3.5 3.5 4 1 1 2 2
5805.9 1184.7 -0.3 24 0 21.1 25.5 3.5 0.0 0 1 1 2 2
5663.0 1123.5 -3.1 293 0 35.0 15.5 10.5 3.5 2 0 3 0 0
5624.6 1080.3 -0.1 202 0 17.6 33.0 38.5 0.0 0 1 11 0 0
5617.4 1054.5 3.3 201 0 20.7 29.4 35.0 0.0 0 1 10 2 2
5634.4 1102.7 -2.8 200 0 22.3 35.2 17.5 0.0 0 1 5 1 1
