-6715.4 -7649.5 -6.4 124 0 21.2 15.5 14.0 3.5 2 0 4 2 2
-6248.6 -7916.6 -9.4 212 0 32.2 23.8 10.5 0.0 0 0 3 5 5
-5472.0 -8941.3 -8.4 214 0 30.0 12.2 10.0 2.5 2 0 4 4 4
-6530.1 -7672.2 -11.3 122 0 19.7 17.9 14.0 3.5 2 0 4 0 0
-2392.6 -10415.0 -13.2 125 0 17.6 24.8 10.0 0.0 0 1 4 4 4
-6231.2 -7987.2 -6.3 32 0 13.2 9.4 3.5 3.5 2 0 1 0 0
-6211.1 -8009.1 -6.3 215 0 18.8 9.5 10.5 0.0 0 0 3 2 2
-6230.2 -8015.9 -6.7 215 0 9.3 22.1 7.0 3.5 4 1 2 4 4
-6145.8 -7966.2 -8.5 299 0 23.5 13.8 10.5 3.5 2 0 3 3 3
-6116.5 -7976.1 -8.4 307 0 24.5 12.4 28.0 0.0 0 0 8 5 5
-6284.0 -7981.0 -7.3 102 0 9.4 16.0 10.5 0.0 0 1 3 2 2
-6272.7 -7906.6 -7.9 32 0 10.4 32.9 38.5 0.0 0 1 11 0 0
-6305.1 -7873.2 -7.8 297 0 7.1 9.7 10.5 0.0 0 1 3 4 4
-5983.0 -8066.8 -7.0 306 0 12.6 40.1 14.0 3.5 2 1 4 5 5
-5968.3 -8088.4 -6.7 305 0 25.0 12.7 10.5 3.5 2 0 3 2 2
-5837.9 -8218.6 -8.5 117 0 12.2 20.9 59.5 0.0 0 0 17 0 0
-6799.8 -7531.4 -9.4 36 0 8.5 15.6 7.0 3.5 2 1 2 3 3
-6833.0 -7574.2 -6.6 303 0 17.6 10.3 7.0 3.5 2 0 2 3 3
-6862.9 -7557.7 -6.8 304 0 9.8 18.9 7.0 3.5 2 1 2 0 0
-6852.4 -7576.2 -6.1 304 0 10.2 17.0 10.5 3.5 2 1 3 3 3
-6830.9 -7617.7 -4.8 10 0 11.9 24.5 10.5 3.5 2 1 3 2 2
-6931.8 -7563.9 -9.5 164 0 4.0 8.3 10.5 3.5 2 0 3 5 5
-6123.7 -9435.7 -5.8 299 0 10.5 33.6 2.5 2.5 2 0 1 3 3
-6132.7 -9430.5 -5.9 301 0 10.5 20.7 3.5 2.5 2 0 1 5 5
-5997.9 -9522.5 -5.2 211 0 22.5 14.7 5.0 2.5 2 0 2 1 1
-5975.3 -9522.8 -5.0 300 0 10.1 28.7 5.0 2.5 2 0 2 3 3
-5961.9 -9530.8 -4.7 301 0 8.2 28.0 8.0 2.5 2 0 2 1 1
-5955.3 -9534.7 -4.5 299 0 7.3 20.7 3.5 2.5 2 0 1 5 5
-5923.6 -9564.6 -4.4 30 0 20.6 38.7 2.5 0.0 0 0 1 4 4
-5778.6 -8198.7 -9.7 212 0 9.6 21.9 7.0 3.5 2 0 2 5 5
-5747.8 -8206.5 -10.1 302 0 16.7 20.0 10.5 3.5 2 0 3 2 2
-6319.1 -7880.8 -6.9 214 0 7.0 8.1 10.5 0.0 0 1 3 4 4
-6314.1 -7963.1 -7.9 39 0 14.3 38.6 35.0 0.0 0 1 10 4 4
-6368.2 -7989.1 -8.4 133 0 15.3 21.4 10.5 3.5 4 1 3 3 3
-6329.8 -7979.3 -8.0 39 0 10.1 26.3 17.5 3.5 2 1 5 3 3
-6381.5 -7966.1 -8.5 132 0 22.4 6.2 10.5 0.0 0 0 3 3 3
-6402.0 -7918.6 -8.6 232 0 26.1 11.1 10.5 0.0 0 0 3 5 5
-6369.2 -7900.8 -8.0 231 0 9.4 9.3 7.0 0.0 0 0 2 4 4
-6351.2 -7898.2 -7.6 232 0 14.6 9.9 7.0 0.0 0 0 2 2 2
-6678.1 -8119.1 -8.2 247 0 35.8 21.5 14.0 0.0 0 0 4 2 2
-6646.6 -8136.7 -8.5 298 0 17.8 35.9 7.0 3.5 6 0 2 1 1
-6647.9 -8177.1 -8.0 121 0 19.2 21.2 3.5 0.0 0 0 1 0 0
-6747.8 -8133.5 -6.9 67 0 34.1 26.4 7.0 0.0 0 0 2 2 2
-6739.2 -8092.0 -5.9 339 0 17.6 40.8 7.0 3.5 2 0 2 3 3
-6790.9 -8135.1 -6.5 154 0 16.3 15.8 45.5 0.0 0 0 13 1 1
-6824.6 -8105.8 -5.1 158 0 17.3 36.0 21.0 3.5 2 1 6 3 3
-6813.2 -8076.3 -4.0 158 0 6.2 9.5 10.5 0.0 0 0 3 4 4
-6716.3 -8187.1 -6.6 123 0 11.8 12.5 3.5 3.5 2 1 1 4 4
-6720.6 -8145.3 -7.0 210 0 7.1 30.4 7.0 0.0 0 0 2 5 5
-6649.6 -8052.2 -7.3 337 0 23.2 47.1 7.0 3.5 2 0 2 3 3
-6687.3 -8107.0 -7.2 66 0 18.5 12.3 14.0 3.5 2 0 4 2 2
-6699.7 -8112.6 -7.1 65 0 14.4 21.7 3.5 0.0 0 0 1 0 0
-6274.2 -7993.1 -7.2 128 0 12.7 22.7 7.0 3.5 4 1 2 3 3
-5988.0 -8114.5 -6.4 129 0 14.5 10.5 45.5 0.0 0 0 13 2 2
-5955.7 -8165.0 -5.6 312 0 13.5 38.8 10.5 3.5 2 0 3 1 1
-6026.5 -8052.8 -7.4 304 0 70.9 5.3 10.5 3.5 4 0 3 3 3
-6016.0 -8052.1 -7.2 304 0 12.8 6.4 10.5 3.5 2 0 3 1 1
-6045.2 -8032.2 -7.5 304 0 12.8 6.4 10.5 3.5 2 0 3 2 2
-5825.4 -8278.1 -9.8 214 0 10.4 31.3 3.5 3.5 2 1 1 2 2
-5386.2 -8856.4 -9.8 302 0 12.7 26.4 5.0 2.5 2 1 2 2 2
-5378.8 -8809.0 -9.1 208 0 28.0 10.6 10.0 2.5 2 0 4 2 2
-5251.3 -8514.7 -4.8 306 0 16.8 16.3 21.0 0.0 0 0 6 4 4
-5273.0 -8500.5 -5.9 303 0 29.6 14.2 10.5 3.5 4 0 3 5 5
-6004.5 -8421.5 -8.9 118 0 19.5 40.4 17.5 3.5 2 1 5 2 2
-6033.7 -8429.1 -8.8 303 0 9.7 27.5 10.5 3.5 2 0 3 4 4
-6025.5 -8433.8 -8.9 297 0 9.2 13.8 10.5 3.5 2 0 3 0 0
-6016.4 -8438.6 -8.9 298 0 10.7 14.9 14.0 3.5 2 0 4 4 4
-6002.6 -8461.3 -8.9 56 0 12.4 19.7 14.0 3.5 2 0 4 1 1
-6361.3 -7822.7 -8.5 307 0 23.9 15.6 42.0 0.0 0 0 12 0 0
-6386.6 -7800.7 -8.8 302 0 6.9 43.0 10.5 0.0 0 1 3 1 1
-6627.7 -8426.0 -7.0 31 0 38.6 19.9 17.5 0.0 0 0 5 5 5
-6749.1 -11084.8 -12.0 119 0 36.4 47.0 10.0 0.0 0 1 4 3 3
-6317.1 -10968.5 -9.3 119 0 9.6 14.4 5.0 2.5 2 1 2 3 3
-6087.7 -11005.0 -9.3 213 0 12.5 11.7 5.0 2.5 2 0 2 4 4
-6583.7 -7769.6 -4.7 19 0 22.0 16.1 28.0 0.0 0 0 8 1 1
-6562.7 -7779.7 -4.6 215 0 10.6 10.5 42.0 0.0 0 0 12 5 5
-6517.7 -7826.9 -4.3 51 0 14.1 28.1 14.0 3.5 2 1 4 3 3
-6521.1 -7899.4 -5.7 152 0 9.8 17.9 10.5 0.0 0 1 3 5 5
-6583.0 -7917.2 -4.8 248 0 20.5 12.5 52.5 0.0 0 0 15 5 5
-6613.9 -7929.9 -3.9 248 0 20.5 12.5 52.5 0.0 0 0 15 3 3
-6551.1 -7974.4 -6.8 333 0 11.0 14.4 21.0 0.0 0 1 6 3 3
-6789.0 -10424.0 -3.5 6 0 42.9 16.5 10.0 2.5 2 0 4 0 0
-5338.7 -8456.7 -8.3 301 0 12.2 23.7 21.0 0.0 0 1 6 0 0
-4897.8 -8746.4 -4.3 35 0 14.6 12.8 25.0 0.0 0 0 10 2 2
-4966.1 -8748.9 -4.0 212 0 13.4 22.8 25.0 0.0 0 1 10 1 1
-1871.1 -10767.7 -14.0 29 0 26.2 17.3 12.5 2.5 2 0 5 3 3
-1709.2 -10981.5 -16.2 200 0 12.9 18.2 2.5 2.5 2 1 1 5 5
-1655.2 -11003.4 -16.3 316 0 20.5 12.7 10.0 2.5 2 0 4 1 1
-1731.2 -11051.4 -14.9 214 0 9.8 16.1 7.5 2.5 2 1 3 2 2
-1442.8 -11072.1 -18.0 26 0 16.8 38.1 12.5 2.5 2 1 5 5 5
-1584.7 -10975.4 -17.9 117 0 17.2 20.5 10.0 2.5 2 1 4 4 4
-1535.7 -10952.0 -18.2 31 0 20.8 16.1 10.0 2.5 2 0 4 2 2
-3342.4 -11085.9 -5.9 130 0 23.1 17.8 7.5 0.0 0 0 3 3 3
-2560.4 -10519.4 -11.6 205 0 21.3 9.8 7.5 2.5 2 0 3 4 4
-2542.7 -10433.6 -13.5 41 0 10.0 9.7 7.5 2.5 2 0 3 4 4
-3083.6 -10688.6 -9.3 33 0 14.0 10.7 10.0 2.5 2 0 4 2 2
-3912.3 -10649.3 -6.7 122 0 21.3 18.9 10.0 2.5 2 0 4 3 3
-3942.3 -10631.6 -6.2 122 0 10.9 19.3 7.0 2.5 2 1 2 5 5
-3932.7 -10637.8 -6.4 122 0 10.8 19.3 3.5 2.5 2 1 1 4 4
-4007.7 -10669.2 -5.7 299 0 18.7 44.5 10.0 2.5 2 1 4 2 2
-4030.2 -10719.4 -5.7 28 0 19.0 12.8 10.5 2.5 4 0 3 2 2
-4046.1 -10664.3 -5.2 209 0 15.5 14.7 14.0 2.5 2 0 4 5 5
-4654.6 -10558.5 -2.1 120 0 13.3 16.2 5.0 2.5 2 1 2 3 3
-5045.6 -10621.6 -3.6 30 0 16.8 15.6 10.0 2.5 2 0 4 2 2
-5114.8 -10369.8 -7.6 300 0 15.0 74.8 7.5 2.5 2 1 3 2 2
-6747.0 -8020.0 -3.4 154 0 6.9 25.3 10.5 3.5 2 1 3 2 2
-6345.5 -7880.9 -6.9 214 0 8.4 18.5 10.5 0.0 0 0 3 1 1
-6338.9 -7874.9 -6.6 214 0 8.9 15.0 10.5 0.0 0 0 3 0 0
