-4573.2 -3702.7 -1.2 129 0 56.5 74.4 10.0 0.0 0 1 4 3 3
6322.4 -7243.9 -15.9 279 0 12.3 16.6 7.5 2.5 2 1 3 4 4
6091.0 -7098.8 -11.6 151 0 20.3 12.2 5.0 2.5 2 0 2 4 4
5908.5 -8321.3 -8.4 118 0 12.5 15.9 7.5 0.0 0 1 3 4 4
6416.9 -7217.2 -16.3 334 0 11.8 25.7 7.5 0.0 0 1 3 1 1
6225.0 -7150.2 -15.6 42 0 21.4 10.9 2.5 2.5 2 0 1 2 2
6129.3 -8053.6 -6.6 130 0 8.4 11.8 7.5 2.5 2 1 3 2 2
6147.6 -8039.5 -6.6 35 0 7.8 10.2 2.5 2.5 2 1 1 2 2
6370.6 -8588.5 -7.5 209 0 9.6 26.3 2.5 0.0 0 1 1 3 3
6308.2 -7285.1 -15.7 120 0 15.3 10.3 5.0 2.5 2 0 2 3 3
6244.7 -8072.0 -5.6 40 0 20.6 10.2 7.5 2.5 2 0 3 2 2
6111.3 -8263.7 -7.9 17 0 12.4 12.8 5.0 2.5 2 1 2 5 5
6340.0 -7234.2 -16.0 280 0 12.4 16.0 5.0 2.5 2 1 2 4 4
6244.2 -7132.1 -15.5 41 0 20.4 12.0 7.5 2.5 2 0 3 0 0
6803.9 -7526.6 -12.3 356 0 11.7 14.8 7.0 3.5 4 1 2 5 5
6858.5 -7522.1 -12.6 300 0 10.0 25.2 10.5 0.0 0 1 3 5 5
6851.0 -7558.7 -11.7 180 0 12.4 15.0 7.0 3.5 2 1 2 2 2
6780.1 -7594.4 -10.3 267 0 9.4 8.5 7.0 3.5 2 0 2 0 0
6835.0 -7449.5 -14.7 26 0 8.3 12.9 2.5 2.5 2 1 1 2 2
6895.9 -7457.1 -14.8 57 0 6.1 12.8 2.5 2.5 2 1 1 0 0
6936.5 -7651.2 -9.6 34 0 8.2 9.1 10.5 3.5 2 1 3 4 4
6925.4 -7701.8 -8.2 71 0 15.1 8.3 7.0 3.5 2 0 2 5 5
5714.6 -9671.8 -0.6 177 0 8.8 11.2 5.0 2.5 4 1 2 3 3
6407.7 -8557.9 -7.1 221 0 15.7 21.5 7.5 2.5 6 1 3 2 2
-6311.0 -2987.0 -5.1 289 0 30.1 39.2 5.0 0.0 0 1 2 2 2
-6347.0 -2972.2 -5.0 290 0 30.0 30.1 5.0 0.0 0 0 2 5 5
-6350.2 -2966.3 -4.6 290 0 19.7 4.6 7.5 2.5 2 0 3 5 5
-6420.5 -2941.0 -5.9 291 0 31.0 36.7 5.0 0.0 0 1 2 4 4
-6416.5 -3039.4 -6.5 302 0 17.9 42.7 5.0 2.5 4 1 2 1 1
-6494.2 -2980.7 -7.2 300 0 17.9 35.8 5.0 2.5 2 1 2 2 2
-6542.8 -2949.4 -8.0 302 0 26.2 27.2 5.0 0.0 0 1 2 0 0
-6569.7 -3010.7 -8.4 121 0 25.8 14.6 2.5 2.5 2 0 1 4 4
-6535.2 -3027.7 -7.7 120 0 20.6 10.8 2.5 2.5 2 0 1 5 5
-6644.0 -2887.8 -8.9 300 0 11.2 21.7 2.5 2.5 2 1 1 1 1
-6685.6 -2859.5 -8.8 304 0 14.8 28.7 12.5 2.5 2 0 5 2 2
-6702.5 -2855.6 -8.7 303 0 17.8 23.2 10.0 2.5 2 0 4 2 2
-6696.6 -2852.2 -8.6 303 0 11.5 6.1 5.0 2.5 2 0 2 5 5
-6712.1 -2845.9 -8.7 301 0 8.4 26.6 7.5 2.5 2 0 3 5 5
-6787.6 -2843.7 -7.7 32 0 39.7 30.8 5.0 0.0 0 0 2 5 5
-6852.4 -2795.5 -6.7 211 0 28.3 30.9 5.0 0.0 0 0 2 3 3
-6855.4 -2780.5 -6.1 230 0 19.0 15.1 2.5 2.5 2 0 1 1 1
-6918.2 -2891.0 -7.2 211 0 28.2 67.2 5.0 0.0 0 1 2 4 4
-6167.5 -3036.4 -5.8 292 0 10.7 20.3 5.0 2.5 2 0 2 5 5
-6007.2 -3107.7 -5.4 291 0 32.1 21.2 2.5 0.0 0 0 1 0 0
-6007.4 -3086.1 -5.2 288 0 24.1 20.2 2.5 2.5 2 0 1 2 2
-5990.2 -3091.9 -5.1 291 0 11.6 20.9 2.5 2.5 2 0 1 4 4
-5898.0 -3141.6 -4.9 274 0 23.4 19.0 2.5 2.5 2 0 1 3 3
-5746.8 -3195.3 -5.2 291 0 21.7 65.6 7.5 2.5 2 0 3 5 5
-5786.2 -3215.5 -4.0 202 0 32.5 19.3 7.5 0.0 0 0 3 2 2
-5716.2 -3216.8 -6.7 289 0 53.2 85.1 7.5 0.0 0 0 3 1 1
-5691.8 -3219.4 -6.1 291 0 38.8 6.1 5.0 2.5 2 0 2 5 5
-5352.0 -3339.8 -2.9 277 0 28.6 57.6 7.5 0.0 0 1 3 5 5
-4053.1 -4428.4 -3.6 44 0 21.2 22.8 7.5 2.5 2 1 3 5 5
-4033.6 -4402.7 -2.5 40 0 21.3 23.2 7.5 2.5 4 1 3 5 5
-4101.3 -4349.5 -4.2 219 0 20.9 23.6 17.5 0.0 0 1 7 4 4
-4120.3 -4374.6 -4.8 218 0 19.3 23.2 12.5 2.5 4 1 5 0 0
-4101.9 -4424.3 -4.0 129 0 16.7 18.3 7.5 2.5 2 1 3 5 5
-4381.8 -3769.4 1.2 278 0 16.6 25.0 5.0 2.5 2 1 2 5 5
-4537.1 -3935.2 -3.5 309 0 32.1 21.8 10.0 0.0 0 0 4 3 3
-4547.2 -3973.5 -3.7 37 0 15.2 33.0 10.0 2.5 2 0 4 4 4
-4570.7 -3980.8 -4.0 127 0 28.8 12.5 10.0 2.5 2 0 4 2 2
-4408.1 -4115.8 -2.6 306 0 10.4 30.0 10.0 2.5 2 1 4 0 0
-4427.5 -4094.9 -2.5 306 0 18.1 11.7 2.5 2.5 2 0 1 2 2
-4644.4 -3858.9 -5.0 308 0 15.4 23.1 7.5 0.0 0 1 3 2 2
-4665.9 -3834.1 -4.9 311 0 20.3 20.4 10.0 0.0 0 1 4 1 1
-4756.2 -3769.9 -4.7 308 0 13.5 11.0 2.5 2.5 2 0 1 1 1
-4762.1 -3793.9 -5.5 37 0 23.4 11.4 10.0 2.5 2 0 4 2 2
-4820.3 -3713.2 -5.3 311 0 26.0 9.8 7.5 2.5 4 0 3 3 3
-4845.4 -3741.9 -6.0 197 0 9.6 18.0 2.5 2.5 2 1 1 1 1
-6271.4 643.6 -9.0 303 0 16.4 18.4 10.0 2.5 2 1 4 1 1
-4478.2 -1084.1 1.1 5 0 10.0 22.9 10.0 2.5 2 1 4 1 1
-3299.1 -4763.1 7.2 34 0 10.3 17.0 10.0 2.5 2 1 4 1 1
-6559.7 -2489.3 1.2 3 0 10.1 13.0 5.0 2.5 2 1 2 0 0
-6552.6 -2448.1 0.9 273 0 9.0 14.8 2.5 2.5 2 1 1 2 2
-6769.6 -2554.7 -2.3 6 0 20.4 25.9 10.0 2.5 2 1 4 0 0
-6778.2 -2428.2 -2.7 276 0 19.2 49.3 7.5 0.0 0 1 3 4 4
-6699.5 -2642.5 -2.6 96 0 13.0 40.9 12.5 2.5 2 1 5 4 4
-6662.9 -2645.9 -1.9 96 0 13.0 40.9 10.0 2.5 2 1 4 5 5
-6729.2 -2431.9 -2.3 276 0 20.0 22.6 7.5 2.5 2 1 3 4 4
-6552.2 -2732.3 -0.5 5 0 6.8 4.8 5.0 2.5 2 0 2 0 0
-6559.0 -2655.5 1.8 96 0 10.9 7.9 5.0 2.5 2 0 2 5 5
-6573.0 -2653.8 1.2 95 0 8.8 9.5 2.5 2.5 2 1 1 2 2
-6537.3 -2449.2 1.1 275 0 12.9 11.8 10.5 2.5 2 0 3 4 4
-6590.0 -2475.2 0.5 183 0 8.6 8.9 2.5 2.5 2 1 1 1 1
-6608.9 -2473.2 0.2 183 0 5.6 6.5 5.0 2.5 4 1 2 4 4
-6561.6 -2429.1 0.4 95 0 10.3 24.6 7.5 2.5 2 1 3 3 3
-6572.9 -2424.8 0.3 94 0 9.4 17.6 5.0 2.5 4 1 2 1 1
-6548.6 -2423.5 0.7 97 0 10.3 17.0 5.0 2.5 2 1 2 1 1
-6524.1 -2387.3 0.7 6 0 9.9 18.1 10.5 2.5 2 1 3 1 1
-6551.3 -2384.6 0.4 4 0 11.0 9.4 5.0 0.0 0 0 2 5 5
-6523.3 -2313.3 0.2 96 0 10.8 32.2 10.0 2.5 2 1 4 4 4
-6635.9 -2304.7 -1.4 96 0 17.9 14.9 7.5 2.5 2 0 3 1 1
-6609.2 -2299.8 -1.2 7 0 8.3 14.2 5.0 2.5 2 1 2 5 5
-6614.9 -2277.4 -1.3 3 0 9.9 17.8 2.5 2.5 2 1 1 3 3
-6603.3 -2239.2 -1.0 5 0 9.9 9.3 2.5 2.5 2 0 1 0 0
-6605.5 -2210.9 -0.9 273 0 12.7 10.4 2.5 0.0 0 0 1 3 3
-6601.4 -2229.2 -0.9 4 0 6.7 10.9 5.0 2.5 2 1 2 2 2
-6574.7 -2154.8 -0.4 186 0 11.1 17.6 5.0 2.5 4 1 2 5 5
-6554.8 -2156.3 -0.4 187 0 13.0 17.0 5.0 2.5 2 1 2 5 5
-6531.2 -2168.3 -0.4 275 0 10.0 7.6 2.5 2.5 2 0 1 1 1
-6529.9 -2154.5 -0.4 276 0 9.1 11.2 5.0 2.5 2 1 2 3 3
-6525.1 -2193.2 -0.3 185 0 12.7 19.8 10.0 2.5 2 1 4 4 4
-6520.3 -2175.1 -0.3 184 0 14.5 19.1 10.0 2.5 2 1 4 2 2
-6502.3 -2105.6 -0.0 278 0 11.6 15.9 7.0 2.5 2 1 2 5 5
-6513.5 -2061.5 0.3 186 0 13.6 19.6 7.5 2.5 2 1 3 3 3
-6507.1 -2046.2 0.8 184 0 11.1 15.0 14.0 2.5 2 1 4 1 1
-6507.3 -1999.0 1.9 183 0 14.2 23.3 10.0 2.5 2 1 4 4 4
-6476.3 -1933.9 2.2 6 0 11.7 21.0 7.5 2.5 2 1 3 1 1
-6498.0 -1971.2 2.9 95 0 12.0 8.2 5.0 0.0 0 0 2 2 2
-6498.1 -1917.3 1.7 186 0 10.7 19.8 7.5 2.5 2 1 3 3 3
-6485.8 -1973.3 3.1 96 0 8.4 18.3 5.0 0.0 0 1 2 1 1
-6476.9 -1805.2 1.6 183 0 23.7 11.5 7.5 2.5 2 0 3 2 2
-6455.7 -1719.4 1.1 5 0 14.5 16.1 5.0 2.5 4 1 2 5 5
-6455.2 -1631.5 1.2 96 0 11.0 13.6 5.0 2.5 2 1 2 4 4
-6440.2 -1533.9 1.9 274 0 7.2 14.1 5.0 2.5 2 1 2 3 3
-6442.2 -1516.9 2.4 97 0 14.5 15.2 2.5 2.5 4 1 1 3 3
-6431.3 -1388.9 2.4 91 0 6.5 8.7 2.5 2.5 2 1 1 2 2
-6405.9 -1211.7 1.1 5 0 9.0 11.0 5.0 2.5 2 1 2 3 3
-6404.8 -1015.3 2.3 183 0 13.6 21.0 10.0 0.0 0 1 4 4 4
-6401.1 -998.5 2.1 184 0 10.9 18.8 5.0 2.5 2 1 2 4 4
-6393.9 -981.9 1.9 184 0 13.0 11.2 2.5 2.5 2 0 1 3 3
-6398.4 -965.2 1.8 183 0 15.1 19.5 7.5 2.5 2 1 3 1 1
-6384.1 -942.3 1.7 273 0 10.7 14.7 5.0 2.5 2 1 2 1 1
-6439.3 -993.9 2.2 182 0 14.8 18.5 7.5 2.5 2 1 3 4 4
-6454.9 -979.7 2.0 181 0 10.0 18.6 5.0 2.5 2 1 2 1 1
-6456.4 -964.9 1.9 183 0 11.8 18.9 5.0 2.5 2 1 2 2 2
-6419.8 -940.1 1.8 276 0 11.2 21.8 5.0 2.5 2 1 2 0 0
-6451.4 -949.8 1.8 182 0 15.6 13.2 5.0 2.5 2 0 2 5 5
-6495.1 -931.0 1.8 276 0 11.6 17.1 2.5 2.5 2 1 1 3 3
-6384.2 -927.1 1.6 95 0 15.2 16.2 5.0 2.5 2 1 2 2 2
-6392.8 -899.6 1.6 186 0 12.0 9.9 5.0 2.5 2 0 2 4 4
-6398.5 -903.0 1.6 96 0 6.6 11.5 5.0 2.5 2 1 2 0 0
-6395.9 -916.6 1.6 5 0 11.2 14.1 7.5 2.5 2 1 3 5 5
-6419.1 -919.8 1.6 96 0 10.2 13.3 5.0 2.5 2 1 2 4 4
-6436.0 -894.1 1.6 185 0 12.1 11.9 5.0 2.5 4 0 2 0 0
-6386.6 -869.4 1.4 184 0 11.8 20.7 7.5 2.5 2 1 3 2 2
-6369.8 -831.7 1.3 277 0 10.9 30.8 10.0 2.5 2 1 4 0 0
-6440.6 -845.4 1.4 187 0 17.8 11.4 2.5 2.5 4 0 1 1 1
-6436.5 -876.6 1.5 185 0 12.8 12.3 5.0 2.5 2 0 2 2 2
-6469.6 -917.2 1.7 95 0 8.9 13.8 2.5 2.5 4 1 1 3 3
-6482.0 -912.8 1.7 95 0 11.7 14.5 2.5 2.5 2 1 1 4 4
-6496.4 -909.2 1.7 98 0 11.7 16.3 2.5 2.5 2 1 1 1 1
-6460.7 -871.7 1.6 4 0 11.9 11.3 5.0 2.5 2 0 2 3 3
-6462.8 -857.7 1.5 5 0 12.0 11.2 5.0 2.5 2 0 2 0 0
-6538.6 -881.5 1.6 186 0 11.4 18.4 5.0 2.5 2 1 2 1 1
-6531.8 -870.4 1.6 187 0 8.3 13.1 2.5 2.5 2 1 1 3 3
-6561.0 -904.3 1.8 48 0 7.1 12.9 5.0 2.5 2 1 2 2 2
-6557.1 -880.5 1.7 6 0 11.2 15.0 2.5 0.0 0 1 1 0 0
-6557.8 -865.3 1.7 8 0 12.0 10.7 2.5 2.5 2 0 1 3 3
-6552.1 -819.0 1.4 10 0 14.4 17.1 5.0 2.5 2 1 2 0 0
-6587.1 -897.4 1.7 94 0 12.7 15.0 5.0 2.5 2 1 2 3 3
-6626.3 -876.7 1.7 181 0 14.2 14.2 5.0 2.5 2 1 2 4 4
-6633.1 -890.6 1.8 186 0 10.7 12.7 5.0 2.5 2 1 2 2 2
-6577.8 -811.0 1.4 272 0 9.4 11.0 5.0 2.5 2 1 2 1 1
-6673.1 -865.1 1.8 3 0 10.7 11.5 2.5 2.5 2 1 1 3 3
-6656.6 -856.8 1.7 5 0 14.5 10.0 5.0 0.0 0 0 2 0 0
-6470.6 -958.2 2.0 3 0 12.8 20.5 2.5 2.5 2 1 1 2 2
-6540.9 -955.6 2.1 185 0 10.1 15.6 2.5 2.5 4 1 1 1 1
-6567.7 -922.9 1.9 277 0 11.1 13.9 5.0 2.5 2 0 2 0 0
-6606.2 -925.4 2.1 273 0 10.7 11.1 5.0 0.0 0 1 2 2 2
-6622.0 652.0 -5.7 317 0 11.7 22.1 20.0 0.0 0 1 8 0 0
-4803.3 -442.0 -5.1 207 0 14.4 38.7 17.5 0.0 0 1 7 5 5
-4869.5 -698.0 -1.5 26 0 10.4 15.2 20.0 0.0 0 1 8 5 5
-6373.0 -718.5 0.9 187 0 12.5 20.6 10.0 0.0 0 1 4 2 2
-6371.1 -702.2 0.8 187 0 14.5 21.8 7.5 2.5 2 1 3 1 1
-6405.2 -785.6 1.2 96 0 15.5 18.1 7.5 0.0 0 1 3 1 1
-6375.0 -743.3 1.0 272 0 19.5 9.7 5.0 2.5 2 0 2 0 0
-6384.3 -714.9 0.9 276 0 11.7 19.3 5.0 2.5 2 1 2 2 2
-6433.3 -775.4 1.2 192 0 13.3 16.1 5.0 2.5 2 1 2 3 3
-6425.8 -728.6 1.0 185 0 12.1 11.1 2.5 0.0 0 0 1 5 5
-6381.5 -691.7 0.9 277 0 10.8 19.5 5.0 2.5 2 1 2 1 1
-6353.4 -550.3 2.3 218 0 8.7 12.9 5.0 2.5 2 1 2 5 5
-6366.3 -672.8 0.9 171 0 11.7 19.0 2.5 2.5 2 1 1 3 3
-6367.5 -652.6 1.0 183 0 13.1 22.1 7.5 2.5 2 1 3 3 3
-6364.8 -618.8 1.3 185 0 15.1 20.5 10.0 0.0 0 1 4 4 4
-6893.1 1105.7 -12.0 58 0 11.1 27.0 7.5 2.5 2 1 3 0 0
-6405.8 782.1 -9.3 59 0 16.8 23.0 7.5 2.5 2 1 3 0 0
-6039.9 575.9 -10.9 31 0 16.7 35.6 7.5 0.0 0 1 3 0 0
-4333.4 -318.4 -7.1 22 0 11.9 23.1 7.5 2.5 4 1 3 2 2
-6729.6 904.6 -7.7 24 0 11.7 28.5 7.5 2.5 2 1 3 1 1
5543.2 -10941.8 -13.4 8 0 40.5 20.4 10.0 0.0 0 0 4 1 1
5489.8 -10977.9 -13.5 188 0 21.7 28.4 12.5 0.0 0 1 5 4 4
5844.8 -10597.7 -11.6 189 0 52.0 39.7 7.5 0.0 0 0 3 5 5
5608.8 -10592.9 -11.2 143 0 10.2 28.3 7.5 2.5 2 1 3 4 4
6338.6 -10739.1 -12.8 16 0 65.2 30.4 7.5 0.0 0 0 3 4 4
6295.5 -10727.0 -12.7 323 0 12.5 20.6 7.5 2.5 2 1 3 3 3
6510.6 -7315.2 -16.5 28 0 35.4 15.0 7.5 2.5 2 0 3 0 0
6530.9 -7334.5 -16.5 211 0 16.7 14.1 12.5 2.5 2 0 5 2 2
6544.5 -7179.6 -17.0 208 0 9.2 28.3 7.5 2.5 2 1 3 1 1
6596.4 -7223.9 -17.1 216 0 14.0 12.4 5.0 2.5 2 0 2 2 2
6654.2 -7205.3 -17.4 30 0 9.2 19.4 5.0 2.5 2 1 2 0 0
5718.9 -10320.3 -6.1 269 0 9.9 14.9 5.0 2.5 2 1 2 0 0
6862.1 -8323.2 -9.7 48 1 12.9 12.6 14.0 3.5 2 0 4 1 1
-4860.9 -679.2 -1.8 16 0 15.9 15.5 12.5 2.5 2 0 5 3 3
-4856.4 -657.7 -2.1 3 0 12.5 20.7 12.5 2.5 4 1 5 5 5
6858.6 -7420.7 -15.8 32 0 19.0 17.8 10.0 2.5 2 0 4 4 4
6867.2 -7406.0 -16.2 27 0 13.2 16.8 10.0 2.5 2 0 4 3 3
6815.4 -7638.9 -9.3 350 0 10.7 7.3 10.5 3.5 2 0 3 0 0
6793.5 -7645.7 -9.2 76 0 8.2 10.0 10.5 3.5 4 1 3 0 0
6785.3 -7646.6 -9.1 77 0 7.1 10.4 10.5 3.5 2 1 3 3 3
6772.1 -7642.1 -9.1 166 0 10.7 8.0 10.5 3.5 2 0 3 4 4
6763.2 -7561.7 -11.4 87 0 7.9 10.9 10.5 0.0 0 1 3 4 4
6777.1 -7559.6 -11.5 87 0 14.3 9.5 10.5 0.0 0 0 3 0 0
6803.6 -7559.0 -11.6 87 0 14.3 9.5 10.5 0.0 0 0 3 5 5
6816.5 -7557.8 -11.7 87 0 8.5 10.8 10.5 0.0 0 1 3 4 4
