261.9 3302.1 -1.6 77 0 10.9 16.4 10.0 2.5 2 1 4 5 5
306.3 3337.7 -0.9 77 0 15.7 6.8 5.0 0.0 0 0 2 3 3
288.0 3314.1 -1.2 167 0 12.2 6.0 7.5 2.5 2 0 3 1 1
388.3 3346.0 -1.0 258 0 18.9 16.2 10.0 2.5 2 0 4 2 2
421.6 3338.5 -1.1 78 0 39.8 10.6 10.0 2.5 2 0 4 1 1
2038.6 3806.6 -0.7 169 0 30.8 39.2 15.0 0.0 0 1 6 1 1
1968.3 3478.6 0.5 349 0 7.2 12.4 7.5 0.0 0 1 3 5 5
1945.4 3453.9 -0.2 155 0 7.2 12.4 7.5 0.0 0 1 3 4 4
1947.3 3439.8 -0.5 155 0 7.2 12.4 7.5 0.0 0 1 3 4 4
1970.5 3460.7 0.1 349 0 7.2 12.4 7.5 0.0 0 1 3 2 2
1944.1 3476.6 0.1 215 0 7.2 12.3 7.5 0.0 0 1 3 5 5
1772.3 4295.9 -3.3 216 0 9.8 16.8 7.5 0.0 0 1 3 4 4
1774.9 4265.3 -3.4 138 0 9.9 16.9 7.5 0.0 0 1 3 3 3
2146.7 4621.9 -3.5 27 0 9.8 16.8 7.5 0.0 0 1 3 4 4
2117.3 4620.2 -3.5 101 0 9.8 16.9 7.5 0.0 0 1 3 3 3
2116.9 4658.3 -3.6 294 0 9.9 16.9 7.5 0.0 0 1 3 2 2
