6343.1 -1266.2 -16.4 80 0 5.0 53.5 7.5 2.5 2 1 3 5 5
6328.6 -1170.9 -23.7 349 0 73.6 5.1 7.5 2.5 2 0 3 0 0
6304.4 -1216.4 -23.1 86 0 12.3 36.2 10.0 2.5 2 1 4 5 5
6866.0 5575.8 -31.4 31 0 15.1 28.0 17.5 3.5 2 1 5 5 5
434.9 -2892.4 -10.2 43 0 193.4 82.1 7.5 0.0 0 0 3 0 0
-3188.1 2550.5 -15.0 167 0 100.9 74.2 12.5 0.0 0 0 5 2 2
5745.8 5549.5 -31.2 214 0 11.2 27.3 17.5 3.5 2 1 5 3 3
5673.6 5567.4 -31.8 122 0 7.1 38.0 10.5 0.0 0 1 3 0 0
5614.8 5449.3 -31.7 213 0 8.1 8.6 10.5 3.5 4 1 3 4 4
5590.5 5305.2 -29.2 302 0 22.4 16.4 17.5 0.0 0 0 5 2 2
5540.4 5235.5 -28.7 212 0 66.7 20.8 17.5 3.5 2 0 5 5 5
5751.6 5354.1 -31.1 302 0 13.3 37.7 17.5 3.5 2 1 5 1 1
5615.3 5170.2 -28.0 33 0 54.2 11.7 17.5 3.5 2 0 5 0 0
5550.1 5077.2 -28.8 213 0 84.8 12.3 17.5 3.5 2 0 5 2 2
5433.7 4896.6 -29.3 213 0 60.2 15.8 12.5 2.5 2 0 5 2 2
1929.0 3935.2 -23.4 167 0 21.1 11.5 14.0 3.5 2 0 4 5 5
1653.1 3912.0 -22.8 303 0 27.5 40.7 14.0 0.0 0 0 4 3 3
1555.7 3935.2 -25.5 122 0 20.4 29.8 14.0 0.0 0 1 4 1 1
1515.0 3911.0 -24.1 330 0 15.5 23.2 14.0 3.5 2 0 4 1 1
1552.1 3715.1 -22.7 125 0 6.7 11.1 10.5 3.5 2 1 3 1 1
1608.9 3773.2 -22.6 347 0 31.2 26.5 14.0 0.0 0 0 4 4 4
3131.0 6373.1 -31.4 303 0 12.9 17.1 14.0 3.5 4 1 4 2 2
3070.6 6279.4 -29.9 303 0 25.7 26.0 14.0 0.0 0 0 4 4 4
3064.3 6239.4 -29.9 33 0 22.0 22.1 14.0 3.5 2 0 4 4 4
3052.7 6221.1 -29.8 34 0 15.1 21.9 14.0 3.5 2 0 4 2 2
3314.7 6641.8 -36.3 302 0 15.9 20.3 14.0 3.5 4 1 4 1 1
3368.6 6606.6 -35.0 303 0 29.5 10.2 14.0 3.5 2 0 4 2 2
3346.3 6602.8 -35.0 213 0 9.9 31.4 10.5 3.5 2 0 3 3 3
3340.8 6594.3 -35.0 213 0 10.3 31.4 14.0 3.5 2 0 4 2 2
3232.4 6493.0 -31.8 34 0 12.5 21.7 10.5 3.5 2 0 3 5 5
3213.3 6482.2 -30.8 122 0 20.5 13.2 10.5 3.5 2 0 3 2 2
3274.4 6486.3 -31.6 212 0 9.8 12.4 10.5 0.0 0 1 3 0 0
3158.7 6301.8 -30.6 212 0 10.7 11.3 14.0 3.5 2 1 4 3 3
3030.1 6209.1 -29.6 122 0 18.6 14.9 14.0 3.5 2 0 4 0 0
3124.3 6250.2 -29.7 293 0 8.7 12.6 10.5 3.5 2 0 3 1 1
3110.6 6238.1 -29.8 213 0 10.3 23.6 14.0 3.5 2 0 4 1 1
3102.5 6225.1 -29.9 211 0 20.6 20.5 14.0 3.5 2 0 4 5 5
3034.0 6116.2 -29.4 213 0 10.3 11.9 14.0 3.5 4 1 4 5 5
3020.4 6190.6 -30.0 303 0 25.4 22.1 14.0 3.5 2 0 4 5 5
3011.3 6154.7 -29.9 33 0 25.5 23.1 14.0 3.5 2 0 4 3 3
2975.1 6091.4 -29.7 32 0 10.1 22.0 14.0 3.5 2 1 4 4 4
2928.5 5947.4 -29.8 212 0 11.2 16.4 14.0 0.0 0 1 4 2 2
2787.8 5627.9 -28.0 122 0 16.0 4.1 10.5 0.0 0 0 3 0 0
2557.3 5330.6 -28.1 123 0 23.0 16.3 14.0 3.5 2 0 4 3 3
269.9 1620.7 -17.2 299 0 18.8 69.5 10.0 2.5 2 0 4 0 0
5028.5 5326.1 -30.8 121 0 12.4 22.7 17.5 0.0 0 1 5 2 2
5172.1 5606.9 -31.9 32 0 13.4 23.2 14.0 3.5 2 1 4 4 4
3826.0 2265.0 -19.9 210 0 33.7 25.0 14.0 0.0 0 0 4 0 0
6869.6 2312.4 -27.6 44 0 13.7 22.7 10.5 3.5 2 0 3 3 3
6816.0 2363.5 -26.2 223 0 34.5 37.1 10.5 0.0 0 0 3 2 2
6937.1 2560.8 -19.3 30 0 18.8 24.1 14.0 3.5 2 1 4 5 5
6391.5 3316.4 -26.3 121 0 17.3 47.1 14.0 3.5 2 1 4 5 5
6825.0 3335.6 -31.1 260 0 27.2 7.6 10.5 3.5 2 0 3 5 5
6854.5 3224.9 -28.2 170 0 7.8 31.3 10.5 0.0 0 1 3 2 2
6923.8 3281.0 -27.2 348 0 4.7 40.9 10.5 0.0 0 1 3 4 4
6810.8 3247.4 -30.9 307 0 6.1 24.4 10.5 3.5 2 1 3 3 3
6856.8 3362.9 -28.9 257 0 6.2 31.6 10.5 0.0 0 1 3 5 5
6814.0 3257.2 -30.8 351 0 20.7 10.5 14.0 0.0 0 0 4 2 2
6925.4 3247.8 -26.5 348 0 6.9 31.1 10.5 0.0 0 1 3 0 0
6769.4 3278.7 -32.2 258 0 7.1 26.9 10.5 3.5 2 1 3 5 5
6909.7 3314.3 -27.4 348 0 7.9 27.0 10.5 3.5 2 1 3 1 1
6494.4 3403.8 -26.8 78 0 4.5 41.5 10.5 0.0 0 1 3 3 3
6573.4 3505.4 -26.9 347 0 4.5 41.3 10.5 0.0 0 1 3 0 0
6529.6 3305.0 -29.0 258 0 4.5 41.5 10.5 0.0 0 1 3 4 4
6394.6 3485.6 -26.2 169 0 4.6 41.3 10.5 0.0 0 1 3 4 4
6385.7 3229.1 -26.6 76 0 4.5 41.5 10.5 0.0 0 1 3 2 2
6628.9 3226.6 -30.2 347 0 4.5 41.3 10.5 0.0 0 1 3 4 4
6327.9 3301.3 -25.3 347 0 4.5 41.3 10.5 0.0 0 1 3 1 1
6548.5 3125.2 -27.5 77 0 4.6 41.5 10.5 0.0 0 1 3 5 5
6639.0 3480.2 -28.7 261 0 4.5 41.5 10.5 0.0 0 1 3 0 0
6447.8 3205.8 -27.1 169 0 4.5 41.3 10.5 0.0 0 1 3 5 5
6392.9 3274.2 -26.8 257 0 4.5 41.5 10.5 0.0 0 1 3 3 3
6472.6 3584.3 -26.5 257 0 4.5 41.5 10.5 0.0 0 1 3 5 5
6626.3 3433.1 -28.5 82 0 4.5 41.5 10.5 0.0 0 1 3 2 2
6410.3 3270.9 -26.9 257 0 6.8 27.0 10.5 3.5 2 1 3 5 5
6604.8 3199.2 -29.9 79 0 17.0 8.7 10.5 0.0 0 0 3 3 3
6303.8 3273.9 -25.5 79 0 17.0 8.7 10.5 3.5 2 0 3 0 0
6656.0 3474.6 -28.9 262 0 8.6 27.7 10.5 0.0 0 1 3 1 1
6910.2 2528.5 -21.1 32 0 24.1 17.7 10.0 2.5 2 0 4 0 0
6594.4 2118.7 -23.0 222 0 87.4 73.6 14.0 0.0 0 0 4 0 0
5558.4 2998.6 -20.4 170 0 24.5 47.2 14.0 0.0 0 1 4 2 2
5634.0 2976.8 -18.5 349 0 25.8 33.9 14.0 0.0 0 1 4 3 3
5658.9 3018.3 -17.8 348 0 26.0 32.6 14.0 0.0 0 1 4 0 0
2313.9 -179.4 -12.7 302 0 83.1 89.2 10.0 0.0 0 1 4 0 0
2890.4 2216.1 -20.2 122 0 157.6 11.8 14.0 0.0 0 0 4 1 1
2828.4 2285.3 -19.9 212 0 10.9 153.4 14.0 0.0 0 1 4 4 4
1650.7 3737.7 -22.7 121 0 15.6 14.5 2.5 2.5 2 0 1 1 1
1635.4 3750.4 -22.7 135 0 24.6 25.2 10.0 0.0 0 0 4 3 3
5810.5 6282.0 -36.0 302 0 10.7 43.9 17.5 3.5 2 1 5 3 3
6351.4 5637.1 -30.4 212 0 24.8 29.8 10.5 0.0 0 1 3 2 2
3243.5 4075.7 -23.4 301 0 42.2 14.8 14.0 3.5 2 0 4 5 5
6931.8 2624.8 -20.2 214 0 15.2 12.7 5.0 2.5 4 0 2 5 5
6940.8 2640.6 -21.2 123 0 23.5 12.0 7.5 0.0 0 0 3 5 5
6905.1 2559.0 -19.9 123 0 26.7 9.5 7.5 2.5 2 0 3 4 4
6905.1 2559.0 -19.4 303 0 22.7 13.8 7.5 2.5 2 0 3 3 3
6871.3 2553.2 -19.8 212 0 18.6 28.4 7.5 2.5 2 0 3 4 4
5701.8 5386.0 -32.0 306 0 35.8 67.1 17.5 0.0 0 0 5 5 5
3195.0 6435.4 -29.6 34 0 10.5 10.7 14.0 3.5 4 1 4 5 5
5079.5 5869.6 -31.6 35 0 14.3 15.7 17.5 0.0 0 1 5 1 1
4819.7 5921.5 -34.8 303 0 9.3 41.2 10.5 3.5 2 1 3 3 3
-1342.5 -10471.2 29.7 224 0 25.1 103.0 10.0 0.0 0 1 4 5 5
-1266.9 -10036.6 12.9 315 0 12.7 35.6 12.5 2.5 2 1 5 0 0
-1388.5 -10513.0 31.9 223 0 27.3 124.7 12.5 0.0 0 1 5 3 3
-1296.4 -10373.0 23.8 45 0 129.5 111.3 10.0 0.0 0 0 4 4 4
-1294.5 -10010.7 12.6 313 0 44.6 34.0 10.0 0.0 0 0 4 3 3
-1512.2 -10308.4 27.6 313 0 76.8 90.4 15.0 0.0 0 1 6 2 2
-1218.1 -10336.3 28.0 223 0 66.8 121.0 12.5 0.0 0 1 5 0 0
-1657.1 -10491.1 30.0 133 0 117.4 126.1 15.0 0.0 0 1 6 5 5
-1027.6 -10054.8 15.7 42 0 8.5 23.7 7.5 2.5 2 1 3 2 2
-959.2 -9903.3 11.1 322 0 27.1 16.1 12.5 2.5 2 0 5 1 1
-1484.3 -9608.4 15.2 113 0 75.2 98.7 10.0 0.0 0 1 4 3 3
-1285.8 -10183.5 18.8 134 0 17.5 38.3 10.0 2.5 2 1 4 3 3
-1207.1 -10088.0 15.1 315 0 37.0 37.6 12.5 0.0 0 1 5 1 1
-1149.8 -10204.9 20.4 46 0 41.4 24.4 15.0 0.0 0 0 6 2 2
-1532.1 -9805.5 16.3 271 0 129.8 28.9 7.5 0.0 0 0 3 0 0
-1217.6 -10223.8 21.1 45 0 38.2 29.3 10.0 0.0 0 0 4 5 5
-1161.3 -10109.7 16.5 315 0 33.2 41.1 10.0 0.0 0 1 4 2 2
-1232.8 -10121.0 16.3 313 0 58.6 40.4 12.5 0.0 0 0 5 4 4
-1694.2 -9236.8 9.7 222 0 24.9 81.8 10.0 0.0 0 1 4 5 5
-1578.1 -8975.0 11.2 218 0 28.1 102.6 10.0 0.0 0 1 4 2 2
-1534.6 -9231.5 9.3 129 0 150.7 128.6 12.5 0.0 0 0 5 0 0
1281.5 3360.1 -21.6 123 0 12.1 9.0 10.5 3.5 2 0 3 3 3
6851.0 4150.3 -31.9 122 0 16.3 25.6 14.0 3.5 2 1 4 2 2
6866.0 4140.5 -31.5 122 0 13.7 40.9 14.0 3.5 2 1 4 1 1
6430.6 5953.4 -34.2 214 0 25.4 41.2 21.0 0.0 0 1 6 0 0
4953.2 6326.2 -43.2 305 0 6.9 7.6 10.5 3.5 2 1 3 3 3
4887.8 6277.2 -43.2 123 0 11.1 10.1 14.0 3.5 2 0 4 0 0
4851.8 6334.5 -45.7 119 0 7.2 8.0 10.5 0.0 0 1 3 5 5
4867.0 6318.0 -45.1 26 0 9.7 12.2 10.5 3.5 2 1 3 1 1
-502.1 -8497.1 14.0 355 0 44.1 18.3 10.0 2.5 2 0 4 5 5
-5330.2 1820.2 -19.9 254 0 7.2 21.4 7.5 2.5 2 1 3 5 5
-5764.9 -600.0 -21.9 133 0 74.8 122.9 7.5 0.0 0 1 3 4 4
