-5508.5 8168.2 -1.6 178 0 12.8 25.6 7.5 2.5 2 1 3 3 3
-5520.2 8183.8 -2.1 173 0 7.4 13.3 7.5 2.5 2 1 3 1 1
-5538.5 8210.3 -3.7 183 0 7.4 12.1 5.0 2.5 2 1 2 3 3
-5283.4 8115.3 -4.7 66 0 21.8 25.3 15.0 0.0 0 1 6 0 0
-5269.2 8092.0 -5.6 105 0 8.5 6.8 5.0 0.0 0 0 2 5 5
-692.2 6628.2 -3.0 304 0 24.7 17.2 10.0 2.5 2 0 4 5 5
-735.9 6615.3 -2.1 284 0 7.0 11.8 5.0 2.5 4 1 2 2 2
-627.6 6501.7 -4.7 39 0 18.3 12.2 5.0 2.5 2 0 2 4 4
-770.3 6459.4 -2.4 38 0 15.8 25.1 7.5 2.5 2 1 3 1 1
-1655.4 4282.6 -7.7 148 0 6.7 5.8 7.5 2.5 2 0 3 4 4
-1530.4 4120.3 -7.0 61 0 17.0 11.8 5.0 2.5 2 0 2 0 0
-763.7 3127.0 -4.4 66 0 13.0 16.0 2.5 2.5 2 1 1 5 5
2688.7 -2081.3 -2.0 323 0 22.6 17.3 15.0 0.0 0 0 6 2 2
