3264.6 8672.1 -9.5 59 0 14.0 25.6 10.0 0.0 0 1 4 2 2
3190.2 8317.3 2.3 297 0 14.2 15.0 7.5 2.5 2 1 3 1 1
4467.5 4210.9 -2.3 127 0 14.3 5.2 5.0 2.5 2 0 2 4 4
5650.4 7370.6 -12.4 98 0 7.7 8.3 2.5 2.5 2 1 1 2 2
5585.7 7422.7 -12.5 179 0 13.7 11.4 7.5 2.5 2 0 3 0 0
5572.7 7427.4 -12.5 182 0 8.5 13.2 5.0 2.5 2 0 2 0 0
5596.3 7428.0 -12.6 170 0 10.0 12.0 5.0 2.5 2 0 2 4 4
5558.2 7458.0 -12.7 212 0 13.6 15.3 7.5 2.5 2 0 3 3 3
5592.7 7454.5 -12.6 253 0 13.3 14.4 5.0 2.5 2 0 2 2 2
5605.9 7459.9 -12.7 243 0 16.7 17.0 5.0 2.5 2 0 2 5 5
5617.7 7467.8 -12.7 228 0 14.2 17.0 10.0 2.5 2 0 4 2 2
5625.3 7478.7 -12.7 202 0 13.0 15.6 7.5 2.5 2 0 3 3 3
5648.5 7496.8 -12.8 297 0 10.1 10.2 10.0 2.5 2 1 4 4 4
5667.0 7458.2 -12.7 22 0 15.3 14.7 7.5 2.5 2 0 3 4 4
5664.2 7430.8 -12.6 351 0 16.3 13.7 5.0 2.5 2 0 2 0 0
5669.3 7416.8 -12.5 327 0 14.1 14.5 5.0 2.5 2 0 2 3 3
5677.6 7405.5 -12.5 320 0 14.6 14.7 7.5 2.5 2 0 3 4 4
5688.5 7396.7 -12.5 299 0 15.6 14.1 5.0 2.5 2 0 2 1 1
5695.1 7376.3 -12.4 114 0 13.9 8.6 5.0 2.5 2 0 2 2 2
5725.9 7367.2 -12.4 87 0 9.2 13.4 7.5 2.5 2 0 3 0 0
5759.2 7378.5 -12.4 54 0 14.8 14.7 5.0 2.5 2 0 2 5 5
5771.6 7390.6 -12.5 33 0 13.6 15.5 7.5 2.5 2 0 3 3 3
5779.4 7407.4 -12.6 15 0 15.1 15.6 5.0 2.5 2 0 2 0 0
5524.4 7126.7 -11.5 30 0 10.7 17.1 2.5 2.5 2 1 1 4 4
5336.1 7173.9 -11.6 1 0 9.8 16.4 5.0 2.5 2 1 2 4 4
5348.2 7007.1 -11.0 7 0 11.1 6.4 2.5 2.5 2 0 1 5 5
5333.2 7011.0 -11.0 186 0 6.5 9.1 5.0 2.5 2 0 2 5 5
5489.0 6912.0 -10.8 38 0 12.1 21.0 7.5 2.5 2 1 3 5 5
5522.3 6994.2 -11.0 332 0 12.5 21.4 10.0 2.5 2 1 4 5 5
5307.0 6825.6 -10.4 290 0 20.9 10.8 5.0 2.5 2 0 2 5 5
5162.6 6909.0 -10.7 122 0 16.9 11.9 2.5 2.5 2 0 1 1 1
-5457.0 -7448.9 -8.1 50 0 8.3 15.5 7.5 2.5 2 1 3 2 2
-5494.6 -7419.5 -7.9 138 0 30.5 14.4 10.0 2.5 2 0 4 3 3
-5651.5 10727.8 -6.3 77 0 8.2 10.5 7.5 2.5 2 1 3 0 0
-5092.8 10192.7 -7.5 15 0 7.9 9.1 5.0 2.5 2 1 2 5 5
-4824.4 10323.6 -4.3 262 0 9.0 7.6 5.0 2.5 2 0 2 2 2
-4835.2 10338.2 -4.3 267 0 9.5 21.9 5.0 2.5 2 1 2 4 4
-4612.8 10118.8 -1.3 117 0 21.2 14.7 15.0 2.5 2 0 6 2 2
-4609.9 10172.7 -1.1 206 0 20.0 10.5 7.5 2.5 4 0 3 5 5
-6477.9 10943.7 -9.0 91 0 11.3 9.4 7.5 2.5 4 0 3 0 0
1999.3 -119.9 -9.0 184 0 13.5 17.4 2.5 2.5 2 1 1 5 5
2831.6 -3316.5 -0.5 268 0 9.4 12.6 5.0 0.0 0 1 2 2 2
2730.3 -3277.1 -0.1 273 0 15.5 21.7 10.0 0.0 0 1 4 4 4
6013.6 -2775.5 -3.6 89 0 19.6 12.2 5.0 2.5 2 0 2 2 2
-5142.2 10684.7 -4.7 264 0 7.6 26.2 5.0 2.5 2 1 2 5 5
-5159.0 10636.0 -4.9 118 0 10.3 21.6 5.0 2.5 4 1 2 3 3
-3637.5 10310.4 -6.1 257 0 41.7 61.2 7.5 0.0 0 1 3 2 2
-1631.9 11067.6 -14.1 319 0 7.3 9.8 5.0 2.5 2 1 2 3 3
-1398.3 11071.3 -16.4 296 0 18.2 18.4 10.0 2.5 2 1 4 5 5
-3486.8 10704.0 -3.9 179 0 11.8 8.8 5.0 2.5 2 0 2 2 2
-3338.1 10946.3 -3.7 43 0 11.9 19.1 2.5 2.5 2 1 1 4 4
-5271.5 -7371.0 -6.8 75 0 34.0 27.5 10.0 0.0 0 0 4 1 1
