3363.4 1073.8 -2.6 95 0 17.6 74.4 10.0 2.5 2 0 4 1 1
3381.3 1072.5 -2.5 93 0 16.7 74.5 7.5 2.5 2 0 3 1 1
3440.6 1172.5 -2.3 276 0 27.4 36.5 10.0 0.0 0 1 4 0 0
-239.9 508.3 -1.7 343 0 12.9 119.8 12.5 2.5 2 0 5 5 5
-299.2 467.5 -1.5 76 0 25.0 15.3 7.5 2.5 2 0 3 1 1
-3811.5 -659.4 -0.6 179 0 10.5 24.9 7.5 2.5 2 1 3 3 3
6602.3 4672.5 -13.9 98 0 9.2 7.8 5.0 2.5 2 0 2 2 2
-3009.9 -17.9 -2.4 89 0 17.3 20.4 10.0 2.5 2 1 4 2 2
-2988.4 2.6 -2.3 269 0 17.3 20.4 7.5 2.5 2 1 3 0 0
-3893.2 -218.3 -3.2 74 0 30.4 16.1 7.5 2.5 2 0 3 2 2
-5630.9 -808.2 -0.8 345 0 13.8 8.3 5.0 2.5 2 0 2 2 2
-5598.0 -702.2 -1.3 254 0 10.2 22.0 2.5 2.5 2 1 1 5 5
223.2 802.0 0.0 179 0 9.9 13.9 5.0 2.5 2 1 2 4 4
-2454.1 -1866.6 8.0 46 0 21.1 13.6 12.5 2.5 4 0 5 3 3
-2989.2 -613.1 -1.2 354 0 9.0 10.0 7.5 2.5 2 1 3 5 5
-3552.4 -281.2 -2.3 75 0 14.7 8.8 2.5 2.5 2 0 1 4 4
6237.2 3755.8 -10.0 305 0 10.2 10.5 7.5 2.5 2 1 3 2 2
3176.0 1084.8 -2.7 97 0 14.8 31.6 5.0 2.5 2 0 2 0 0
3186.2 1083.6 -2.7 96 0 5.6 15.1 8.0 2.5 2 0 2 0 0
3174.0 1129.9 -2.6 180 0 6.0 5.3 8.0 0.0 0 0 2 2 2
3208.3 1116.5 -2.6 12 0 6.4 9.5 8.0 2.5 2 1 2 1 1
3349.2 1201.3 -2.3 181 0 19.4 14.6 7.5 2.5 2 0 3 4 4
1278.2 921.7 -2.1 73 0 15.1 23.2 15.0 0.0 0 1 6 2 2
1328.0 926.7 0.3 68 0 9.2 23.3 7.5 2.5 4 1 3 0 0
1330.2 979.9 -1.9 159 0 14.7 34.6 10.0 2.5 2 1 4 0 0
522.6 483.4 5.5 101 0 11.5 22.9 10.0 2.5 2 0 4 4 4
521.8 578.1 5.3 214 0 15.7 13.1 5.0 2.5 2 0 2 3 3
-1447.4 450.3 -0.3 91 0 9.4 15.6 4.0 2.5 2 1 1 2 2
-1418.1 478.4 -0.2 357 0 8.2 6.2 8.0 2.5 2 0 2 5 5
-1135.3 508.8 0.1 181 0 10.1 6.2 5.0 2.5 2 0 2 2 2
-1072.6 524.8 0.0 269 0 7.3 5.4 5.0 2.5 2 0 2 3 3
-773.7 572.1 -1.0 96 0 4.8 10.1 8.0 0.0 0 1 2 4 4
-376.4 -665.2 8.5 92 0 16.3 25.5 7.5 2.5 2 1 3 4 4
-5046.1 975.0 -1.6 14 0 16.6 42.3 10.0 2.5 2 1 4 0 0
-4847.9 1308.7 -0.6 187 0 41.5 12.9 7.5 2.5 4 0 3 3 3
-4814.7 1219.3 0.4 5 0 25.6 13.8 7.5 2.5 2 0 3 4 4
-4868.2 1205.9 -0.8 92 0 13.3 14.1 4.0 2.5 2 1 1 1 1
-4849.8 1130.4 -0.4 100 0 17.0 14.1 20.0 2.5 2 0 5 2 2
-3744.7 52.8 -3.1 67 0 11.4 9.1 12.0 2.5 2 0 3 0 0
-3772.5 131.0 -3.0 161 0 9.7 15.8 4.0 2.5 4 1 1 5 5
-3785.6 210.1 -3.0 230 0 13.3 18.9 12.5 2.5 2 1 5 3 3
-6785.4 -1371.5 -2.8 336 0 17.5 61.1 14.0 3.5 4 1 4 0 0
6056.2 -3728.7 -2.8 92 0 28.9 20.7 12.5 2.5 2 0 5 4 4
5898.6 -3743.5 3.5 275 0 10.7 18.7 5.0 2.5 2 1 2 4 4
5899.4 -3837.0 3.4 182 0 23.1 19.1 10.0 0.0 0 0 4 5 5
5853.2 -3966.9 -0.1 187 0 6.6 11.9 5.0 2.5 4 1 2 5 5
755.1 -5317.8 4.6 100 0 21.7 19.6 10.0 2.5 2 0 4 5 5
4357.2 -9488.8 -12.0 353 0 11.0 11.3 5.0 2.5 2 1 2 5 5
4363.4 -9525.7 -12.0 357 0 18.7 12.7 2.5 2.5 2 0 1 5 5
2742.0 -10172.5 -9.7 1 0 16.4 11.0 2.5 2.5 4 0 1 1 1
