5305.3 9869.8 -17.3 96 0 10.4 7.6 5.0 2.5 2 0 2 4 4
5128.1 5780.1 -14.5 34 0 14.7 11.4 2.5 2.5 2 0 1 2 2
3464.0 1328.7 -7.1 294 0 11.9 11.4 2.5 2.5 2 0 1 0 0
3529.7 1350.7 -6.8 95 0 12.9 24.6 5.0 2.5 2 1 2 0 0
3438.4 1300.4 -7.3 183 0 11.5 7.8 2.5 2.5 2 0 1 4 4
3299.9 2081.8 -8.7 39 0 9.7 9.1 2.5 2.5 2 0 1 3 3
3325.4 2125.6 -9.0 21 0 9.5 11.2 2.5 2.5 2 1 1 2 2
3329.6 2218.7 -9.1 99 0 19.5 20.8 5.0 2.5 2 1 2 5 5
-3736.3 1614.0 4.0 8 0 15.8 18.7 10.0 0.0 0 1 4 2 2
-3661.6 1595.2 3.0 95 0 20.4 21.8 12.5 2.5 2 1 5 3 3
-3870.0 1512.8 -1.6 188 0 20.4 23.6 12.5 2.5 2 1 5 4 4
-3825.5 1315.3 -3.4 97 0 22.0 18.5 10.0 2.5 2 0 4 4 4
-4091.8 1672.5 -8.8 70 0 30.3 26.5 10.0 0.0 0 0 4 0 0
-4069.4 1657.0 -8.8 95 0 15.4 11.6 7.5 2.5 4 0 3 3 3
-2212.5 3227.1 -9.9 251 0 11.8 9.6 2.5 2.5 2 0 1 4 4
-3674.8 3595.9 -8.7 256 0 19.5 17.9 7.5 2.5 2 0 3 1 1
-3661.9 3568.2 -8.7 355 0 7.8 7.9 5.0 2.5 2 1 2 2 2
-3814.1 3596.1 -8.0 75 0 16.4 14.4 15.0 0.0 0 0 6 0 0
-4470.8 3466.1 -8.9 82 0 8.5 16.6 5.0 2.5 2 1 2 5 5
-4636.3 3130.7 -8.4 359 0 11.8 12.5 8.0 2.5 2 0 2 3 3
-4652.5 3121.4 -8.3 91 0 7.3 8.1 8.0 2.5 2 0 2 0 0
-4667.4 3113.3 -8.1 179 0 5.8 8.4 7.5 0.0 0 1 3 4 4
-4686.8 3149.9 -8.1 269 0 5.4 9.2 5.0 2.5 2 1 2 4 4
-5095.1 3104.6 -9.9 84 0 6.7 9.0 8.0 2.5 2 1 2 5 5
-4954.7 3062.7 -10.0 358 0 6.2 8.0 5.0 0.0 0 1 2 5 5
-6191.0 3917.5 -14.3 357 0 14.2 9.0 2.5 2.5 2 0 1 5 5
-6640.3 3689.3 -13.0 90 0 14.5 15.6 5.0 2.5 4 1 2 5 5
-3157.8 2718.2 -10.7 107 0 28.4 28.4 12.5 0.0 0 0 5 5 5
-6057.1 3271.3 -10.6 346 0 12.5 19.2 5.0 0.0 0 1 2 1 1
-6107.2 3220.5 -10.5 165 0 12.4 17.6 2.5 2.5 2 1 1 2 2
4947.1 7338.6 -13.0 92 0 6.1 7.8 5.0 2.5 2 1 2 3 3
4955.4 7336.0 -12.9 89 0 7.5 8.2 5.0 0.0 0 1 2 0 0
5226.0 7339.9 -12.0 359 0 8.3 8.8 5.0 2.5 2 1 2 5 5
4536.2 6245.5 -1.8 7 0 20.4 21.9 10.0 2.5 4 1 4 2 2
4505.5 6203.0 -1.4 349 0 11.9 24.6 7.5 0.0 0 1 3 4 4
4683.0 2880.8 -10.4 6 0 4.9 8.8 7.5 2.5 2 1 3 2 2
5472.0 1577.4 7.6 293 0 31.4 6.7 2.5 2.5 2 0 1 5 5
-4231.0 -2208.5 0.4 78 0 16.1 22.0 12.5 0.0 0 1 5 0 0
-4213.6 -2084.0 1.0 276 0 9.8 9.9 2.5 0.0 0 1 1 5 5
-4181.7 -2193.4 2.9 137 0 13.1 7.6 7.5 0.0 0 0 3 2 2
2835.4 -6317.1 -2.3 8 0 21.0 14.3 10.0 2.5 2 0 4 4 4
2514.1 -5887.4 -6.0 43 0 9.1 9.1 7.5 2.5 2 0 3 2 2
2608.7 -6528.0 -9.5 203 0 14.0 8.7 2.5 2.5 2 0 1 5 5
3417.3 -5508.5 0.2 11 0 11.2 16.5 2.5 2.5 2 1 1 3 3
3371.3 -5524.8 0.4 11 0 6.8 16.4 7.5 2.5 4 1 3 2 2
-1386.3 -6822.3 -11.4 7 0 15.5 31.3 7.5 2.5 2 1 3 3 3
-1320.0 -6788.4 -11.8 10 0 25.8 12.5 7.5 2.5 2 0 3 5 5
-1356.1 -6779.7 -11.6 276 0 10.6 12.3 5.0 2.5 2 1 2 2 2
5121.7 5706.1 -14.2 106 0 17.8 16.6 10.0 2.5 2 0 4 4 4
5145.9 5801.6 -13.7 39 0 8.0 15.4 2.5 2.5 2 1 1 1 1
