2955.5 -69.7 -2.2 82 0 24.6 16.7 5.0 2.5 2 0 2 4 4
2983.7 -305.3 -3.6 257 0 12.8 12.9 5.0 2.5 2 1 2 2 2
2967.8 -312.5 -4.1 259 0 10.7 25.5 5.0 2.5 2 1 2 4 4
3788.2 -83.6 3.4 151 0 13.5 26.8 12.5 0.0 0 1 5 0 0
3900.3 -28.0 0.1 347 0 24.1 14.1 5.0 2.5 2 0 2 5 5
-2747.1 7473.7 -1.8 15 0 12.3 25.0 12.5 2.5 2 1 5 5 5
-2764.9 7505.5 -0.3 193 0 14.3 21.4 12.5 2.5 2 1 5 0 0
-2690.3 7424.3 0.3 16 0 23.9 8.9 5.0 2.5 2 0 2 5 5
-2781.5 7521.6 1.0 192 0 12.3 10.0 5.0 2.5 2 0 2 4 4
-3887.0 4026.6 -8.5 185 0 14.0 13.3 7.5 2.5 2 0 3 2 2
-3870.1 4046.6 -8.5 188 0 9.2 6.0 2.5 2.5 2 0 1 5 5
13.9 10695.3 -10.7 353 0 14.8 26.3 7.5 0.0 0 1 3 2 2
9.3 10754.9 -10.5 353 0 22.0 22.9 12.5 2.5 2 1 5 0 0
-59.9 10762.8 -10.4 268 0 18.1 18.1 7.5 2.5 2 0 3 2 2
